Experiment,Number_cyclic,Soaking_time,Injection_rate,Surf_Concentration,Mole_weight,Surfactant_vol,Production_rate,Recovery_factor
1,1,3.0,2500,0.03,375,0.0055,500,18.984
2,1,3.0,2500,0.03,250,0.001,500,18.982
3,1,3.0,2500,0.03,375,0.0055,1000,18.972
4,1,3.0,2500,0.03,375,0.01,750,19.135
5,1,3.0,2500,0.03,500,0.01,500,18.986
6,1,3.0,2500,0.03,500,0.0055,750,19.144000000000002
7,1,3.0,2500,0.03,250,0.0055,1000,18.965
8,1,3.0,2500,0.03,375,0.01,500,18.977999999999998
9,1,3.0,2500,0.03,500,0.001,1000,18.935
10,1,3.0,2500,0.03,500,0.001,750,19.121
11,1,3.0,2500,0.03,500,0.01,1000,18.980999999999998
12,1,3.0,2500,0.03,250,0.0055,750,19.116
13,1,3.0,2500,0.03,250,0.01,1000,18.973
14,1,3.0,2500,0.03,375,0.001,750,19.12
15,1,3.0,2500,0.03,500,0.01,750,19.142
16,1,3.0,2500,0.03,375,0.0055,750,19.116
17,1,3.0,2500,0.03,250,0.001,750,19.123
18,1,3.0,2500,0.03,375,0.01,1000,18.979
19,1,3.0,2500,0.03,500,0.0055,500,18.980999999999998
20,1,3.0,2500,0.03,500,0.0055,1000,18.977
21,1,3.0,2500,0.03,250,0.01,750,19.146
22,1,3.0,2500,0.03,250,0.001,1000,19.058
23,1,3.0,2500,0.03,375,0.001,500,18.983
24,1,3.0,2500,0.03,250,0.0055,500,18.984
25,1,3.0,2500,0.03,375,0.001,1000,18.899
26,1,3.0,2500,0.03,250,0.01,500,18.980999999999998
27,1,3.0,2500,0.03,500,0.001,500,18.984
28,1,16.5,2500,0.03,375,0.001,1000,18.795
29,1,16.5,2500,0.03,500,0.01,750,18.576
30,1,16.5,2500,0.03,375,0.0055,500,18.942
31,1,16.5,2500,0.03,250,0.001,500,18.95
32,1,16.5,2500,0.03,250,0.01,500,18.942
33,1,16.5,2500,0.03,250,0.0055,1000,18.929000000000002
34,1,16.5,2500,0.03,500,0.001,500,18.951
35,1,16.5,2500,0.03,500,0.01,500,18.945
36,1,16.5,2500,0.03,500,0.0055,1000,18.883
37,1,16.5,2500,0.03,250,0.0055,750,19.06
38,1,16.5,2500,0.03,375,0.01,750,18.464000000000002
39,1,16.5,2500,0.03,500,0.001,750,18.992
40,1,16.5,2500,0.03,375,0.01,1000,18.811
41,1,16.5,2500,0.03,375,0.0055,1000,18.86
42,1,16.5,2500,0.03,250,0.01,1000,18.828
43,1,16.5,2500,0.03,375,0.001,750,18.766
44,1,16.5,2500,0.03,375,0.0055,750,18.11
45,1,16.5,2500,0.03,500,0.0055,750,18.646
46,1,16.5,2500,0.03,250,0.0055,500,18.955
47,1,16.5,2500,0.03,250,0.001,750,19.057000000000002
48,1,16.5,2500,0.03,375,0.001,500,18.951
49,1,16.5,2500,0.03,250,0.01,750,17.924
50,1,16.5,2500,0.03,500,0.001,1000,19.119
51,1,16.5,2500,0.03,250,0.001,1000,19.004
52,1,16.5,2500,0.03,500,0.01,1000,19.122
53,1,16.5,2500,0.03,375,0.01,500,18.945
54,1,16.5,2500,0.03,500,0.0055,500,18.955
55,1,30.0,2500,0.03,500,0.0055,1000,19.07
56,1,30.0,2500,0.03,375,0.001,750,19.034000000000002
57,1,30.0,2500,0.03,500,0.01,750,19.037
58,1,30.0,2500,0.03,250,0.01,1000,19.07
59,1,30.0,2500,0.03,500,0.001,750,19.011
60,1,30.0,2500,0.03,375,0.0055,1000,19.070999999999998
61,1,30.0,2500,0.03,250,0.0055,500,18.549
62,1,30.0,2500,0.03,250,0.01,500,18.535999999999998
63,1,30.0,2500,0.03,250,0.001,1000,19.081
64,1,30.0,2500,0.03,375,0.0055,500,18.557000000000002
65,1,30.0,2500,0.03,500,0.0055,500,18.563
66,1,30.0,2500,0.03,250,0.001,750,19.035
67,1,30.0,2500,0.03,375,0.01,750,19.03
68,1,30.0,2500,0.03,375,0.001,500,18.508
69,1,30.0,2500,0.03,250,0.0055,1000,19.073
70,1,30.0,2500,0.03,250,0.0055,750,19.038
71,1,30.0,2500,0.03,500,0.001,1000,19.073
72,1,30.0,2500,0.03,375,0.0055,750,19.03
73,1,30.0,2500,0.03,375,0.001,1000,19.067999999999998
74,1,30.0,2500,0.03,500,0.0055,750,19.023
75,1,30.0,2500,0.03,250,0.01,750,19.018
76,1,30.0,2500,0.03,500,0.01,1000,19.07
77,1,30.0,2500,0.03,375,0.01,1000,19.07
78,1,30.0,2500,0.03,250,0.001,500,18.548
79,1,30.0,2500,0.03,375,0.01,500,18.546
80,1,30.0,2500,0.03,500,0.001,500,18.517
81,1,30.0,2500,0.03,500,0.01,500,18.55
82,2,3.0,2500,0.03,500,0.0055,1000,19.564
83,2,3.0,2500,0.03,375,0.0055,1000,19.561
84,2,3.0,2500,0.03,500,0.0055,750,19.727
85,2,3.0,2500,0.03,250,0.01,1000,19.562
86,2,3.0,2500,0.03,250,0.0055,750,19.698
87,2,3.0,2500,0.03,375,0.01,1000,19.567999999999998
88,2,3.0,2500,0.03,250,0.01,500,19.522000000000002
89,2,3.0,2500,0.03,375,0.001,750,19.701
90,2,3.0,2500,0.03,375,0.01,500,19.522000000000002
91,2,3.0,2500,0.03,375,0.001,500,19.519000000000002
92,2,3.0,2500,0.03,250,0.001,500,19.522000000000002
93,2,3.0,2500,0.03,500,0.01,500,19.53
94,2,3.0,2500,0.03,250,0.001,1000,19.646
95,2,3.0,2500,0.03,500,0.001,750,19.704
96,2,3.0,2500,0.03,375,0.0055,500,19.526
97,2,3.0,2500,0.03,375,0.0055,750,19.7
98,2,3.0,2500,0.03,500,0.01,750,19.726
99,2,3.0,2500,0.03,500,0.0055,500,19.524
100,2,3.0,2500,0.03,375,0.01,750,19.718
101,2,3.0,2500,0.03,250,0.01,750,19.729
102,2,3.0,2500,0.03,250,0.0055,1000,19.554000000000002
103,2,3.0,2500,0.03,250,0.0055,500,19.526
104,2,3.0,2500,0.03,250,0.001,750,19.71
105,2,3.0,2500,0.03,375,0.001,1000,19.485
106,2,3.0,2500,0.03,500,0.01,1000,19.569000000000003
107,2,3.0,2500,0.03,500,0.001,1000,19.521
108,2,3.0,2500,0.03,500,0.001,500,19.524
109,2,16.5,2500,0.03,250,0.01,750,18.525
110,2,16.5,2500,0.03,500,0.0055,750,19.246
111,2,16.5,2500,0.03,375,0.001,500,19.507
112,2,16.5,2500,0.03,250,0.001,1000,19.612000000000002
113,2,16.5,2500,0.03,250,0.001,750,19.655
114,2,16.5,2500,0.03,375,0.001,750,19.367
115,2,16.5,2500,0.03,375,0.0055,500,19.497
116,2,16.5,2500,0.03,500,0.01,1000,19.727999999999998
117,2,16.5,2500,0.03,500,0.0055,1000,19.489
118,2,16.5,2500,0.03,250,0.01,500,19.497
119,2,16.5,2500,0.03,375,0.01,500,19.5
120,2,16.5,2500,0.03,250,0.01,1000,19.435
121,2,16.5,2500,0.03,375,0.0055,1000,19.465999999999998
122,2,16.5,2500,0.03,500,0.0055,500,19.51
123,2,16.5,2500,0.03,375,0.01,750,19.064
124,2,16.5,2500,0.03,500,0.001,750,19.592
125,2,16.5,2500,0.03,250,0.0055,1000,19.535999999999998
126,2,16.5,2500,0.03,375,0.0055,750,18.709
127,2,16.5,2500,0.03,500,0.01,750,19.175
128,2,16.5,2500,0.03,375,0.001,1000,19.402
129,2,16.5,2500,0.03,500,0.001,1000,19.726
130,2,16.5,2500,0.03,375,0.01,1000,19.417
131,2,16.5,2500,0.03,500,0.01,500,19.500999999999998
132,2,16.5,2500,0.03,250,0.0055,750,19.658
133,2,16.5,2500,0.03,500,0.001,500,19.505
134,2,16.5,2500,0.03,250,0.0055,500,19.51
135,2,16.5,2500,0.03,250,0.001,500,19.505
136,2,30.0,2500,0.03,375,0.0055,750,19.637999999999998
137,2,30.0,2500,0.03,250,0.0055,500,19.108
138,2,30.0,2500,0.03,250,0.01,1000,19.680999999999997
139,2,30.0,2500,0.03,250,0.0055,1000,19.688
140,2,30.0,2500,0.03,375,0.001,1000,19.685
141,2,30.0,2500,0.03,500,0.001,750,19.615
142,2,30.0,2500,0.03,500,0.01,500,19.105999999999998
143,2,30.0,2500,0.03,375,0.0055,1000,19.684
144,2,30.0,2500,0.03,500,0.0055,750,19.631
145,2,30.0,2500,0.03,375,0.001,750,19.637
146,2,30.0,2500,0.03,250,0.01,500,19.09
147,2,30.0,2500,0.03,500,0.01,1000,19.684
148,2,30.0,2500,0.03,375,0.001,500,19.066
149,2,30.0,2500,0.03,250,0.001,750,19.639
150,2,30.0,2500,0.03,250,0.0055,750,19.646
151,2,30.0,2500,0.03,250,0.01,750,19.625999999999998
152,2,30.0,2500,0.03,375,0.01,1000,19.685
153,2,30.0,2500,0.03,250,0.001,1000,19.692
154,2,30.0,2500,0.03,375,0.0055,500,19.114
155,2,30.0,2500,0.03,500,0.0055,1000,19.685
156,2,30.0,2500,0.03,375,0.01,750,19.637999999999998
157,2,30.0,2500,0.03,500,0.001,1000,19.688
158,2,30.0,2500,0.03,500,0.01,750,19.645
159,2,30.0,2500,0.03,500,0.0055,500,19.12
160,2,30.0,2500,0.03,250,0.001,500,19.102
161,2,30.0,2500,0.03,375,0.01,500,19.102999999999998
162,2,30.0,2500,0.03,500,0.001,500,19.075
163,3,3.0,2500,0.03,500,0.0055,1000,20.192999999999998
164,3,3.0,2500,0.03,375,0.01,1000,20.195999999999998
165,3,3.0,2500,0.03,250,0.01,750,20.352
166,3,3.0,2500,0.03,375,0.01,750,20.342
167,3,3.0,2500,0.03,250,0.01,500,20.156
168,3,3.0,2500,0.03,500,0.01,500,20.165
169,3,3.0,2500,0.03,250,0.001,750,20.33
170,3,3.0,2500,0.03,250,0.001,500,20.145
171,3,3.0,2500,0.03,375,0.001,750,20.327
172,3,3.0,2500,0.03,375,0.0055,1000,20.188
173,3,3.0,2500,0.03,500,0.001,500,20.152
174,3,3.0,2500,0.03,250,0.0055,750,20.326
175,3,3.0,2500,0.03,375,0.001,1000,20.105
176,3,3.0,2500,0.03,500,0.0055,500,20.156
177,3,3.0,2500,0.03,375,0.01,500,20.156
178,3,3.0,2500,0.03,375,0.0055,750,20.329
179,3,3.0,2500,0.03,250,0.01,1000,20.189
180,3,3.0,2500,0.03,250,0.0055,1000,20.18
181,3,3.0,2500,0.03,375,0.0055,500,20.154
182,3,3.0,2500,0.03,250,0.0055,500,20.159000000000002
183,3,3.0,2500,0.03,250,0.001,1000,20.264
184,3,3.0,2500,0.03,500,0.01,750,20.352
185,3,3.0,2500,0.03,500,0.0055,750,20.355
186,3,3.0,2500,0.03,500,0.001,750,20.329
187,3,3.0,2500,0.03,500,0.01,1000,20.194000000000003
188,3,3.0,2500,0.03,375,0.001,500,20.148
189,3,3.0,2500,0.03,500,0.001,1000,20.144000000000002
190,3,16.5,2500,0.03,375,0.001,1000,20.042
191,3,16.5,2500,0.03,250,0.0055,1000,20.175
192,3,16.5,2500,0.03,375,0.0055,750,19.352999999999998
193,3,16.5,2500,0.03,250,0.0055,500,20.159000000000002
194,3,16.5,2500,0.03,500,0.01,1000,20.371
195,3,16.5,2500,0.03,500,0.001,1000,20.367
196,3,16.5,2500,0.03,500,0.001,500,20.151
197,3,16.5,2500,0.03,250,0.001,750,20.297
198,3,16.5,2500,0.03,250,0.0055,750,20.3
199,3,16.5,2500,0.03,375,0.01,500,20.145
200,3,16.5,2500,0.03,375,0.0055,500,20.079
201,3,16.5,2500,0.03,500,0.01,750,19.819000000000003
202,3,16.5,2500,0.03,375,0.001,750,20.009
203,3,16.5,2500,0.03,250,0.01,1000,20.073
204,3,16.5,2500,0.03,375,0.0055,1000,20.109
205,3,16.5,2500,0.03,375,0.01,1000,20.055999999999997
206,3,16.5,2500,0.03,500,0.0055,1000,20.13
207,3,16.5,2500,0.03,500,0.0055,500,20.160999999999998
208,3,16.5,2500,0.03,500,0.001,750,20.234
209,3,16.5,2500,0.03,500,0.0055,750,19.887999999999998
210,3,16.5,2500,0.03,375,0.01,750,19.707
211,3,16.5,2500,0.03,250,0.001,1000,20.254
212,3,16.5,2500,0.03,250,0.01,500,20.148
213,3,16.5,2500,0.03,375,0.001,500,20.156
214,3,16.5,2500,0.03,500,0.01,500,20.148
215,3,16.5,2500,0.03,250,0.01,750,19.167
216,3,16.5,2500,0.03,250,0.001,500,20.149
217,3,30.0,2500,0.03,500,0.001,500,19.737000000000002
218,3,30.0,2500,0.03,375,0.001,1000,20.336
219,3,30.0,2500,0.03,250,0.001,500,19.764
220,3,30.0,2500,0.03,250,0.0055,750,20.302
221,3,30.0,2500,0.03,375,0.001,500,19.727
222,3,30.0,2500,0.03,250,0.01,750,20.279
223,3,30.0,2500,0.03,375,0.01,750,20.292
224,3,30.0,2500,0.03,250,0.01,500,19.747
225,3,30.0,2500,0.03,375,0.0055,1000,20.338
226,3,30.0,2500,0.03,500,0.01,750,20.296
227,3,30.0,2500,0.03,500,0.0055,1000,20.34
228,3,30.0,2500,0.03,500,0.01,500,19.765
229,3,30.0,2500,0.03,250,0.0055,1000,20.342
230,3,30.0,2500,0.03,500,0.0055,750,20.285999999999998
231,3,30.0,2500,0.03,250,0.001,1000,20.349
232,3,30.0,2500,0.03,250,0.01,1000,20.334
233,3,30.0,2500,0.03,375,0.0055,750,20.294
234,3,30.0,2500,0.03,375,0.01,500,19.762
235,3,30.0,2500,0.03,500,0.01,1000,20.334
236,3,30.0,2500,0.03,500,0.001,750,20.271
237,3,30.0,2500,0.03,375,0.01,1000,20.337
238,3,30.0,2500,0.03,375,0.0055,500,19.775
239,3,30.0,2500,0.03,500,0.001,1000,20.342
240,3,30.0,2500,0.03,250,0.001,750,20.294
241,3,30.0,2500,0.03,375,0.001,750,20.29
242,3,30.0,2500,0.03,250,0.0055,500,19.768
243,3,30.0,2500,0.03,500,0.0055,500,19.781
244,1,3.0,2250,0.03,500,0.01,750,19.087
245,1,3.0,2250,0.03,250,0.0055,500,18.963
246,1,3.0,2250,0.03,375,0.0055,1000,18.889
247,1,3.0,2250,0.03,250,0.01,750,19.097
248,1,3.0,2250,0.03,375,0.001,1000,19.19
249,1,3.0,2250,0.03,250,0.0055,750,19.102999999999998
250,1,3.0,2250,0.03,375,0.0055,500,18.959
251,1,3.0,2250,0.03,500,0.001,750,19.09
252,1,3.0,2250,0.03,375,0.01,500,18.964000000000002
253,1,3.0,2250,0.03,500,0.001,500,18.975
254,1,3.0,2250,0.03,375,0.01,1000,18.914
255,1,3.0,2250,0.03,500,0.01,1000,18.918
256,1,3.0,2250,0.03,500,0.0055,750,19.101
257,1,3.0,2250,0.03,250,0.001,1000,18.984
258,1,3.0,2250,0.03,375,0.001,750,19.085
259,1,3.0,2250,0.03,500,0.0055,1000,18.9
260,1,3.0,2250,0.03,250,0.0055,1000,18.826
261,1,3.0,2250,0.03,375,0.001,500,18.968
262,1,3.0,2250,0.03,500,0.001,1000,19.186
263,1,3.0,2250,0.03,500,0.0055,500,18.958
264,1,3.0,2250,0.03,375,0.0055,750,19.101
265,1,3.0,2250,0.03,375,0.01,750,19.087
266,1,3.0,2250,0.03,500,0.01,500,18.957
267,1,3.0,2250,0.03,250,0.001,750,19.090999999999998
268,1,3.0,2250,0.03,250,0.001,500,18.965999999999998
269,1,3.0,2250,0.03,250,0.01,1000,18.898
270,1,3.0,2250,0.03,250,0.01,500,18.963
271,1,16.5,2250,0.03,375,0.001,500,18.928
272,1,16.5,2250,0.03,250,0.01,500,18.932000000000002
273,1,16.5,2250,0.03,500,0.0055,1000,19.116
274,1,16.5,2250,0.03,375,0.0055,750,19.053
275,1,16.5,2250,0.03,250,0.0055,1000,19.111
276,1,16.5,2250,0.03,500,0.0055,750,19.051
277,1,16.5,2250,0.03,250,0.001,750,19.01
278,1,16.5,2250,0.03,375,0.01,750,19.058
279,1,16.5,2250,0.03,500,0.01,1000,19.115
280,1,16.5,2250,0.03,375,0.001,1000,19.11
281,1,16.5,2250,0.03,250,0.01,1000,19.111
282,1,16.5,2250,0.03,375,0.0055,500,18.930999999999997
283,1,16.5,2250,0.03,500,0.001,750,19.06
284,1,16.5,2250,0.03,500,0.01,500,18.942
285,1,16.5,2250,0.03,250,0.001,1000,19.105
286,1,16.5,2250,0.03,375,0.01,1000,19.115
287,1,16.5,2250,0.03,375,0.001,750,19.027
288,1,16.5,2250,0.03,500,0.001,1000,19.112000000000002
289,1,16.5,2250,0.03,375,0.0055,1000,19.116
290,1,16.5,2250,0.03,500,0.01,750,19.058
291,1,16.5,2250,0.03,500,0.001,500,18.929000000000002
292,1,16.5,2250,0.03,250,0.0055,750,19.051
293,1,16.5,2250,0.03,500,0.0055,500,18.930999999999997
294,1,16.5,2250,0.03,250,0.01,750,19.061
295,1,16.5,2250,0.03,375,0.01,500,18.932000000000002
296,1,16.5,2250,0.03,250,0.001,500,18.929000000000002
297,1,16.5,2250,0.03,250,0.0055,500,18.930999999999997
298,1,30.0,2250,0.03,500,0.001,750,19.016
299,1,30.0,2250,0.03,500,0.001,500,18.910999999999998
300,1,30.0,2250,0.03,250,0.001,1000,19.055999999999997
301,1,30.0,2250,0.03,250,0.01,500,18.915
302,1,30.0,2250,0.03,500,0.0055,1000,19.048
303,1,30.0,2250,0.03,500,0.01,1000,19.046
304,1,30.0,2250,0.03,375,0.001,1000,18.927
305,1,30.0,2250,0.03,250,0.0055,500,18.917
306,1,30.0,2250,0.03,375,0.01,750,19.01
307,1,30.0,2250,0.03,500,0.01,500,18.914
308,1,30.0,2250,0.03,250,0.001,750,19.005
309,1,30.0,2250,0.03,250,0.01,1000,19.061
310,1,30.0,2250,0.03,375,0.0055,750,19.005
311,1,30.0,2250,0.03,375,0.0055,500,18.913
312,1,30.0,2250,0.03,375,0.0055,1000,19.061
313,1,30.0,2250,0.03,375,0.001,750,19.01
314,1,30.0,2250,0.03,250,0.01,750,19.006
315,1,30.0,2250,0.03,375,0.01,1000,19.046
316,1,30.0,2250,0.03,375,0.001,500,18.904
317,1,30.0,2250,0.03,250,0.0055,1000,18.929000000000002
318,1,30.0,2250,0.03,500,0.001,1000,19.007
319,1,30.0,2250,0.03,500,0.01,750,19.000999999999998
320,1,30.0,2250,0.03,500,0.0055,750,19.005
321,1,30.0,2250,0.03,250,0.001,500,18.912
322,1,30.0,2250,0.03,375,0.01,500,18.915
323,1,30.0,2250,0.03,500,0.0055,500,18.909000000000002
324,1,30.0,2250,0.03,250,0.0055,750,19.002
325,2,3.0,2250,0.03,250,0.0055,1000,19.47
326,2,3.0,2250,0.03,500,0.0055,750,19.723
327,2,3.0,2250,0.03,375,0.0055,1000,19.533
328,2,3.0,2250,0.03,375,0.001,500,19.559
329,2,3.0,2250,0.03,500,0.001,500,19.56
330,2,3.0,2250,0.03,375,0.01,750,19.719
331,2,3.0,2250,0.03,250,0.001,500,19.553
332,2,3.0,2250,0.03,375,0.01,1000,19.555999999999997
333,2,3.0,2250,0.03,250,0.01,500,19.555
334,2,3.0,2250,0.03,500,0.001,1000,19.83
335,2,3.0,2250,0.03,375,0.01,500,19.553
336,2,3.0,2250,0.03,250,0.0055,750,19.73
337,2,3.0,2250,0.03,500,0.01,750,19.714000000000002
338,2,3.0,2250,0.03,250,0.001,1000,19.62
339,2,3.0,2250,0.03,500,0.0055,1000,19.544
340,2,3.0,2250,0.03,375,0.001,1000,19.828
341,2,3.0,2250,0.03,500,0.001,750,19.72
342,2,3.0,2250,0.03,500,0.01,1000,19.567999999999998
343,2,3.0,2250,0.03,375,0.0055,500,19.548
344,2,3.0,2250,0.03,250,0.001,750,19.72
345,2,3.0,2250,0.03,375,0.0055,750,19.730999999999998
346,2,3.0,2250,0.03,375,0.001,750,19.713
347,2,3.0,2250,0.03,500,0.0055,500,19.547
348,2,3.0,2250,0.03,250,0.01,1000,19.543
349,2,3.0,2250,0.03,500,0.01,500,19.546
350,2,3.0,2250,0.03,250,0.01,750,19.725
351,2,3.0,2250,0.03,250,0.0055,500,19.549
352,2,16.5,2250,0.03,500,0.0055,750,19.699
353,2,16.5,2250,0.03,500,0.0055,500,19.538
354,2,16.5,2250,0.03,250,0.01,750,19.711
355,2,16.5,2250,0.03,250,0.001,1000,19.762
356,2,16.5,2250,0.03,500,0.001,1000,19.769000000000002
357,2,16.5,2250,0.03,375,0.0055,1000,19.772000000000002
358,2,16.5,2250,0.03,375,0.0055,500,19.535
359,2,16.5,2250,0.03,500,0.001,500,19.535
360,2,16.5,2250,0.03,375,0.01,1000,19.771
361,2,16.5,2250,0.03,375,0.01,750,19.707
362,2,16.5,2250,0.03,250,0.001,750,19.659000000000002
363,2,16.5,2250,0.03,375,0.01,500,19.535999999999998
364,2,16.5,2250,0.03,500,0.01,1000,19.771
365,2,16.5,2250,0.03,250,0.0055,500,19.535999999999998
366,2,16.5,2250,0.03,500,0.01,750,19.707
367,2,16.5,2250,0.03,500,0.0055,1000,19.773
368,2,16.5,2250,0.03,250,0.0055,1000,19.767
369,2,16.5,2250,0.03,375,0.001,1000,19.768
370,2,16.5,2250,0.03,375,0.0055,750,19.702
371,2,16.5,2250,0.03,500,0.001,750,19.709
372,2,16.5,2250,0.03,500,0.01,500,19.546
373,2,16.5,2250,0.03,250,0.0055,750,19.699
374,2,16.5,2250,0.03,250,0.01,1000,19.767
375,2,16.5,2250,0.03,375,0.001,500,19.534000000000002
376,2,16.5,2250,0.03,375,0.001,750,19.676
377,2,16.5,2250,0.03,250,0.01,500,19.535999999999998
378,2,16.5,2250,0.03,250,0.001,500,19.535999999999998
379,2,30.0,2250,0.03,375,0.001,1000,19.590999999999998
380,2,30.0,2250,0.03,500,0.001,1000,19.671
381,2,30.0,2250,0.03,500,0.0055,500,19.514
382,2,30.0,2250,0.03,250,0.0055,750,19.658
383,2,30.0,2250,0.03,250,0.01,1000,19.72
384,2,30.0,2250,0.03,500,0.01,500,19.518
385,2,30.0,2250,0.03,250,0.0055,500,19.528
386,2,30.0,2250,0.03,375,0.0055,1000,19.725
387,2,30.0,2250,0.03,375,0.01,1000,19.71
388,2,30.0,2250,0.03,375,0.0055,500,19.52
389,2,30.0,2250,0.03,250,0.001,750,19.663
390,2,30.0,2250,0.03,250,0.001,500,19.521
391,2,30.0,2250,0.03,500,0.001,750,19.672
392,2,30.0,2250,0.03,375,0.01,750,19.658
393,2,30.0,2250,0.03,375,0.0055,750,19.662
394,2,30.0,2250,0.03,250,0.01,750,19.662
395,2,30.0,2250,0.03,250,0.0055,1000,19.593
396,2,30.0,2250,0.03,500,0.01,1000,19.705
397,2,30.0,2250,0.03,500,0.0055,1000,19.706
398,2,30.0,2250,0.03,250,0.001,1000,19.72
399,2,30.0,2250,0.03,500,0.0055,750,19.656
400,2,30.0,2250,0.03,250,0.01,500,19.522000000000002
401,2,30.0,2250,0.03,375,0.01,500,19.519000000000002
402,2,30.0,2250,0.03,375,0.001,750,19.660999999999998
403,2,30.0,2250,0.03,500,0.001,500,19.52
404,2,30.0,2250,0.03,500,0.01,750,19.651
405,2,30.0,2250,0.03,375,0.001,500,19.512999999999998
406,3,3.0,2250,0.03,375,0.0055,1000,20.201
407,3,3.0,2250,0.03,500,0.0055,750,20.394000000000002
408,3,3.0,2250,0.03,375,0.01,750,20.391
409,3,3.0,2250,0.03,250,0.01,500,20.233
410,3,3.0,2250,0.03,500,0.01,750,20.384
411,3,3.0,2250,0.03,375,0.01,1000,20.225
412,3,3.0,2250,0.03,500,0.001,1000,20.503
413,3,3.0,2250,0.03,375,0.001,750,20.387
414,3,3.0,2250,0.03,250,0.0055,1000,20.14
415,3,3.0,2250,0.03,250,0.001,1000,20.287
416,3,3.0,2250,0.03,250,0.001,500,20.229
417,3,3.0,2250,0.03,500,0.0055,500,20.227
418,3,3.0,2250,0.03,250,0.01,750,20.396
419,3,3.0,2250,0.03,375,0.001,500,20.227999999999998
420,3,3.0,2250,0.03,375,0.0055,750,20.405
421,3,3.0,2250,0.03,500,0.0055,1000,20.212
422,3,3.0,2250,0.03,500,0.001,500,20.236
423,3,3.0,2250,0.03,375,0.001,1000,20.491999999999997
424,3,3.0,2250,0.03,500,0.01,1000,20.236
425,3,3.0,2250,0.03,500,0.001,750,20.392
426,3,3.0,2250,0.03,375,0.01,500,20.125999999999998
427,3,3.0,2250,0.03,250,0.001,750,20.387
428,3,3.0,2250,0.03,375,0.0055,500,20.225
429,3,3.0,2250,0.03,500,0.01,500,20.225
430,3,3.0,2250,0.03,250,0.0055,750,20.402
431,3,3.0,2250,0.03,250,0.01,1000,20.212
432,3,3.0,2250,0.03,250,0.0055,500,20.227
433,3,16.5,2250,0.03,250,0.0055,750,20.391
434,3,16.5,2250,0.03,500,0.01,750,20.393
435,3,16.5,2250,0.03,375,0.0055,1000,20.461
436,3,16.5,2250,0.03,500,0.0055,750,20.391
437,3,16.5,2250,0.03,375,0.001,1000,20.451
438,3,16.5,2250,0.03,375,0.001,500,20.230999999999998
439,3,16.5,2250,0.03,250,0.01,500,20.237000000000002
440,3,16.5,2250,0.03,500,0.0055,1000,20.462
441,3,16.5,2250,0.03,500,0.01,500,20.238
442,3,16.5,2250,0.03,250,0.001,500,20.222
443,3,16.5,2250,0.03,250,0.0055,1000,20.457
444,3,16.5,2250,0.03,375,0.001,750,20.361
445,3,16.5,2250,0.03,250,0.01,1000,20.454
446,3,16.5,2250,0.03,500,0.001,750,20.399
447,3,16.5,2250,0.03,375,0.01,1000,20.459
448,3,16.5,2250,0.03,375,0.01,750,20.398
449,3,16.5,2250,0.03,500,0.01,1000,20.455
450,3,16.5,2250,0.03,250,0.0055,500,20.229
451,3,16.5,2250,0.03,500,0.001,1000,20.456
452,3,16.5,2250,0.03,375,0.0055,750,20.394000000000002
453,3,16.5,2250,0.03,250,0.001,1000,20.444000000000003
454,3,16.5,2250,0.03,375,0.0055,500,20.233
455,3,16.5,2250,0.03,375,0.01,500,20.227999999999998
456,3,16.5,2250,0.03,500,0.0055,500,20.237000000000002
457,3,16.5,2250,0.03,500,0.001,500,20.230999999999998
458,3,16.5,2250,0.03,250,0.001,750,20.342
459,3,16.5,2250,0.03,250,0.01,750,20.302
460,3,30.0,2250,0.03,375,0.0055,750,20.365
461,3,30.0,2250,0.03,250,0.0055,750,20.362000000000002
462,3,30.0,2250,0.03,500,0.001,500,20.23
463,3,30.0,2250,0.03,250,0.001,1000,20.410999999999998
464,3,30.0,2250,0.03,250,0.001,750,20.355
465,3,30.0,2250,0.03,375,0.001,1000,20.285999999999998
466,3,30.0,2250,0.03,375,0.01,1000,20.403
467,3,30.0,2250,0.03,500,0.01,1000,20.404
468,3,30.0,2250,0.03,500,0.01,750,20.348
469,3,30.0,2250,0.03,250,0.0055,1000,20.293
470,3,30.0,2250,0.03,375,0.001,750,20.354
471,3,30.0,2250,0.03,500,0.001,750,20.371
472,3,30.0,2250,0.03,500,0.001,1000,20.372
473,3,30.0,2250,0.03,500,0.0055,1000,20.408
474,3,30.0,2250,0.03,250,0.01,750,20.365
475,3,30.0,2250,0.03,375,0.0055,1000,20.427
476,3,30.0,2250,0.03,375,0.01,750,20.362000000000002
477,3,30.0,2250,0.03,500,0.0055,750,20.36
478,3,30.0,2250,0.03,250,0.01,1000,20.418
479,3,30.0,2250,0.03,250,0.01,500,20.226
480,3,30.0,2250,0.03,375,0.0055,500,20.230999999999998
481,3,30.0,2250,0.03,500,0.01,500,20.223
482,3,30.0,2250,0.03,375,0.01,500,20.232
483,3,30.0,2250,0.03,500,0.0055,500,20.221
484,3,30.0,2250,0.03,375,0.001,500,20.218
485,3,30.0,2250,0.03,250,0.0055,500,20.234
486,3,30.0,2250,0.03,250,0.001,500,20.225
487,1,3.0,2000,0.03,500,0.0055,1000,18.803
488,1,3.0,2000,0.03,250,0.001,500,18.921
489,1,3.0,2000,0.03,375,0.01,750,18.82
490,1,3.0,2000,0.03,375,0.01,1000,19.083
491,1,3.0,2000,0.03,250,0.001,1000,18.92
492,1,3.0,2000,0.03,250,0.01,750,18.799
493,1,3.0,2000,0.03,500,0.001,500,18.927
494,1,3.0,2000,0.03,500,0.01,750,18.828
495,1,3.0,2000,0.03,375,0.001,1000,18.817
496,1,3.0,2000,0.03,375,0.01,500,18.929000000000002
497,1,3.0,2000,0.03,500,0.001,750,18.664
498,1,3.0,2000,0.03,500,0.0055,500,18.925
499,1,3.0,2000,0.03,250,0.0055,500,18.925
500,1,3.0,2000,0.03,375,0.0055,750,18.787
501,1,3.0,2000,0.03,375,0.0055,1000,19.125
502,1,3.0,2000,0.03,375,0.0055,500,18.925
503,1,3.0,2000,0.03,250,0.0055,1000,19.137
504,1,3.0,2000,0.03,250,0.0055,750,18.747
505,1,3.0,2000,0.03,250,0.001,750,18.979
506,1,3.0,2000,0.03,250,0.01,1000,18.811
507,1,3.0,2000,0.03,375,0.001,750,18.71
508,1,3.0,2000,0.03,250,0.01,500,18.924
509,1,3.0,2000,0.03,500,0.0055,750,18.805999999999997
510,1,3.0,2000,0.03,500,0.01,1000,18.811
511,1,3.0,2000,0.03,375,0.001,500,18.93
512,1,3.0,2000,0.03,500,0.001,1000,18.805999999999997
513,1,3.0,2000,0.03,500,0.01,500,18.925
514,1,16.5,2000,0.03,500,0.001,1000,19.077
515,1,16.5,2000,0.03,500,0.0055,750,19.01
516,1,16.5,2000,0.03,375,0.001,750,19.006
517,1,16.5,2000,0.03,375,0.01,500,18.904
518,1,16.5,2000,0.03,500,0.001,500,18.92
519,1,16.5,2000,0.03,375,0.01,1000,19.063
520,1,16.5,2000,0.03,250,0.0055,500,18.907
521,1,16.5,2000,0.03,250,0.01,750,19.015
522,1,16.5,2000,0.03,375,0.0055,500,18.92
523,1,16.5,2000,0.03,250,0.0055,1000,19.064
524,1,16.5,2000,0.03,250,0.001,750,19.011
525,1,16.5,2000,0.03,500,0.01,500,18.905
526,1,16.5,2000,0.03,375,0.0055,1000,19.063
527,1,16.5,2000,0.03,500,0.01,1000,19.062
528,1,16.5,2000,0.03,500,0.0055,1000,19.063
529,1,16.5,2000,0.03,500,0.001,750,18.998
530,1,16.5,2000,0.03,250,0.001,1000,19.069000000000003
531,1,16.5,2000,0.03,500,0.01,750,19.011
532,1,16.5,2000,0.03,375,0.001,1000,19.077
533,1,16.5,2000,0.03,375,0.0055,750,19.01
534,1,16.5,2000,0.03,375,0.001,500,18.904
535,1,16.5,2000,0.03,500,0.0055,500,18.915
536,1,16.5,2000,0.03,250,0.01,500,18.92
537,1,16.5,2000,0.03,250,0.01,1000,19.061
538,1,16.5,2000,0.03,250,0.0055,750,19.014
539,1,16.5,2000,0.03,375,0.01,750,18.998
540,1,16.5,2000,0.03,250,0.001,500,18.903
541,1,30.0,2000,0.03,250,0.0055,500,18.887999999999998
542,1,30.0,2000,0.03,500,0.01,1000,19.014
543,1,30.0,2000,0.03,250,0.01,750,17.801
544,1,30.0,2000,0.03,250,0.0055,1000,19.009
546,1,30.0,2000,0.03,500,0.001,500,18.896
547,1,30.0,2000,0.03,375,0.0055,750,17.799
548,1,30.0,2000,0.03,500,0.01,500,18.893
549,1,30.0,2000,0.03,500,0.0055,750,18.512999999999998
550,1,30.0,2000,0.03,250,0.001,750,18.468
551,1,30.0,2000,0.03,500,0.001,1000,19.008
552,1,30.0,2000,0.03,375,0.01,1000,19.014
553,1,30.0,2000,0.03,375,0.0055,1000,19.012999999999998
554,1,30.0,2000,0.03,375,0.01,500,18.893
555,1,30.0,2000,0.03,500,0.01,750,18.898
556,1,30.0,2000,0.03,375,0.01,750,18.942999999999998
557,1,30.0,2000,0.03,250,0.001,1000,19.011
558,1,30.0,2000,0.03,500,0.0055,1000,19.006
559,1,30.0,2000,0.03,250,0.0055,750,17.799
560,1,30.0,2000,0.03,250,0.01,1000,19.012999999999998
561,1,30.0,2000,0.03,375,0.001,1000,19.007
562,1,30.0,2000,0.03,500,0.001,750,18.691
563,1,30.0,2000,0.03,500,0.0055,500,18.893
564,1,30.0,2000,0.03,375,0.001,500,18.875999999999998
565,1,30.0,2000,0.03,250,0.001,500,18.879
566,1,30.0,2000,0.03,250,0.01,500,18.885
567,1,30.0,2000,0.03,375,0.0055,500,18.893
568,2,3.0,2000,0.03,375,0.0055,750,19.482
569,2,3.0,2000,0.03,375,0.001,750,19.404
570,2,3.0,2000,0.03,250,0.0055,750,19.439
571,2,3.0,2000,0.03,500,0.001,1000,19.51
572,2,3.0,2000,0.03,250,0.001,1000,19.622
573,2,3.0,2000,0.03,250,0.0055,1000,19.840999999999998
574,2,3.0,2000,0.03,375,0.01,1000,19.785999999999998
575,2,3.0,2000,0.03,375,0.0055,500,19.574
576,2,3.0,2000,0.03,500,0.01,1000,19.514
577,2,3.0,2000,0.03,375,0.001,500,19.579
578,2,3.0,2000,0.03,250,0.0055,500,19.572
579,2,3.0,2000,0.03,500,0.001,750,19.357
580,2,3.0,2000,0.03,250,0.01,750,19.491
581,2,3.0,2000,0.03,500,0.01,500,19.573
582,2,3.0,2000,0.03,375,0.001,1000,19.52
583,2,3.0,2000,0.03,250,0.01,1000,19.514
584,2,3.0,2000,0.03,375,0.01,750,19.515
585,2,3.0,2000,0.03,250,0.001,750,19.673
586,2,3.0,2000,0.03,250,0.001,500,19.567999999999998
587,2,3.0,2000,0.03,250,0.01,500,19.572
588,2,3.0,2000,0.03,375,0.0055,1000,19.836
589,2,3.0,2000,0.03,500,0.0055,750,19.500999999999998
590,2,3.0,2000,0.03,500,0.0055,1000,19.506
591,2,3.0,2000,0.03,500,0.01,750,19.522000000000002
592,2,3.0,2000,0.03,375,0.01,500,19.578
593,2,3.0,2000,0.03,500,0.0055,500,19.573
594,2,3.0,2000,0.03,500,0.001,500,19.576
595,2,16.5,2000,0.03,250,0.01,1000,19.782
596,2,16.5,2000,0.03,500,0.0055,500,19.581
597,2,16.5,2000,0.03,375,0.01,750,19.71
598,2,16.5,2000,0.03,375,0.001,1000,19.8
599,2,16.5,2000,0.03,250,0.01,500,19.586
600,2,16.5,2000,0.03,500,0.01,500,19.570999999999998
601,2,16.5,2000,0.03,500,0.0055,1000,19.781
602,2,16.5,2000,0.03,250,0.001,500,19.569000000000003
603,2,16.5,2000,0.03,250,0.0055,750,19.727
604,2,16.5,2000,0.03,375,0.001,500,19.57
605,2,16.5,2000,0.03,500,0.01,750,19.724
606,2,16.5,2000,0.03,375,0.001,750,19.719
607,2,16.5,2000,0.03,375,0.0055,1000,19.785
608,2,16.5,2000,0.03,500,0.001,750,19.712
609,2,16.5,2000,0.03,375,0.0055,750,19.723
610,2,16.5,2000,0.03,250,0.001,1000,19.791
611,2,16.5,2000,0.03,250,0.0055,1000,19.785999999999998
612,2,16.5,2000,0.03,250,0.0055,500,19.574
613,2,16.5,2000,0.03,375,0.01,1000,19.78
614,2,16.5,2000,0.03,500,0.01,1000,19.779
615,2,16.5,2000,0.03,375,0.0055,500,19.586
616,2,16.5,2000,0.03,250,0.001,750,19.723
617,2,16.5,2000,0.03,500,0.001,500,19.589000000000002
618,2,16.5,2000,0.03,500,0.001,1000,19.802
619,2,16.5,2000,0.03,375,0.01,500,19.57
620,2,16.5,2000,0.03,500,0.0055,750,19.722
621,2,16.5,2000,0.03,250,0.01,750,19.727999999999998
622,2,30.0,2000,0.03,375,0.001,1000,19.738
623,2,30.0,2000,0.03,500,0.001,750,19.41
624,2,30.0,2000,0.03,375,0.01,1000,19.733
625,2,30.0,2000,0.03,250,0.005,1000,19.73
626,2,30.0,2000,0.03,250,0.005,750,18.516
627,2,30.0,2000,0.03,375,0.001,500,19.542
629,2,30.0,2000,0.03,500,0.005,1000,19.73
630,2,30.0,2000,0.03,250,0.005,500,19.565
631,2,30.0,2000,0.03,500,0.01,500,19.554000000000002
632,2,30.0,2000,0.03,500,0.005,500,19.56
633,2,30.0,2000,0.03,375,0.01,500,19.554000000000002
634,2,30.0,2000,0.03,500,0.01,1000,19.734
635,2,30.0,2000,0.03,250,0.01,750,18.517
636,2,30.0,2000,0.03,500,0.001,1000,19.739
637,2,30.0,2000,0.03,500,0.005,750,19.226
638,2,30.0,2000,0.03,375,0.01,750,19.652
639,2,30.0,2000,0.03,250,0.001,1000,19.739
640,2,30.0,2000,0.03,375,0.005,750,19.546
641,2,30.0,2000,0.03,500,0.01,750,19.608
642,2,30.0,2000,0.03,375,0.005,1000,19.729
643,2,30.0,2000,0.03,250,0.001,500,19.545
644,2,30.0,2000,0.03,250,0.01,1000,19.732
645,2,30.0,2000,0.03,250,0.01,500,19.555999999999997
646,2,30.0,2000,0.03,250,0.001,750,19.185
647,2,30.0,2000,0.03,375,0.005,500,19.558
648,2,30.0,2000,0.03,500,0.001,500,19.563
649,3,3.0,2000,0.03,500,0.0055,500,20.3
650,3,3.0,2000,0.03,375,0.0055,500,20.3
651,3,3.0,2000,0.03,250,0.01,1000,20.230999999999998
652,3,3.0,2000,0.03,375,0.01,1000,20.499000000000002
653,3,3.0,2000,0.03,250,0.0055,500,20.299
654,3,3.0,2000,0.03,375,0.01,750,20.235
655,3,3.0,2000,0.03,500,0.0055,750,20.225
656,3,3.0,2000,0.03,250,0.0055,1000,20.558000000000003
657,3,3.0,2000,0.03,500,0.01,500,20.3
658,3,3.0,2000,0.03,250,0.001,500,20.292
659,3,3.0,2000,0.03,250,0.001,750,20.39
660,3,3.0,2000,0.03,500,0.001,1000,20.223
661,3,3.0,2000,0.03,375,0.0055,1000,20.555999999999997
662,3,3.0,2000,0.03,375,0.001,750,20.122
663,3,3.0,2000,0.03,375,0.0055,750,20.201
664,3,3.0,2000,0.03,500,0.0055,1000,20.225
665,3,3.0,2000,0.03,250,0.001,1000,20.342
666,3,3.0,2000,0.03,250,0.01,500,20.299
667,3,3.0,2000,0.03,375,0.001,1000,20.236
668,3,3.0,2000,0.03,250,0.0055,750,20.163
669,3,3.0,2000,0.03,500,0.01,750,20.242
670,3,3.0,2000,0.03,250,0.01,750,20.213
671,3,3.0,2000,0.03,375,0.01,500,20.305
672,3,3.0,2000,0.03,375,0.001,500,20.305
673,3,3.0,2000,0.03,500,0.01,1000,20.232
674,3,3.0,2000,0.03,500,0.001,750,20.074
676,3,16.5,2000,0.03,375,0.01,1000,20.517
677,3,16.5,2000,0.03,375,0.0055,1000,20.521
678,3,16.5,2000,0.03,500,0.01,500,20.317
679,3,16.5,2000,0.03,375,0.001,750,20.455
680,3,16.5,2000,0.03,500,0.001,500,20.333
681,3,16.5,2000,0.03,250,0.0055,750,20.465
682,3,16.5,2000,0.03,250,0.01,750,20.463
683,3,16.5,2000,0.03,500,0.0055,1000,20.519000000000002
684,3,16.5,2000,0.03,375,0.01,750,20.45
685,3,16.5,2000,0.03,250,0.001,750,20.456
686,3,16.5,2000,0.03,375,0.001,1000,20.534000000000002
687,3,16.5,2000,0.03,250,0.001,500,20.312
688,3,16.5,2000,0.03,500,0.0055,500,20.326
689,3,16.5,2000,0.03,250,0.01,500,20.331
690,3,16.5,2000,0.03,500,0.001,1000,20.534000000000002
691,3,16.5,2000,0.03,250,0.0055,500,20.32
692,3,16.5,2000,0.03,500,0.01,1000,20.518
693,3,16.5,2000,0.03,375,0.001,500,20.313
694,3,16.5,2000,0.03,500,0.001,750,20.45
695,3,16.5,2000,0.03,375,0.0055,500,20.332
696,3,16.5,2000,0.03,375,0.0055,750,20.458
697,3,16.5,2000,0.03,500,0.01,750,20.464000000000002
698,3,16.5,2000,0.03,250,0.0055,1000,20.521
699,3,16.5,2000,0.03,250,0.001,1000,20.528000000000002
700,3,16.5,2000,0.03,375,0.01,500,20.316
701,3,16.5,2000,0.03,250,0.01,1000,20.522
702,3,16.5,2000,0.03,500,0.0055,750,20.461
703,3,30.0,2000,0.03,500,0.001,500,20.319000000000003
704,3,30.0,2000,0.03,375,0.001,500,20.294
705,3,30.0,2000,0.03,375,0.0055,1000,20.484
706,3,30.0,2000,0.03,250,0.001,750,19.929000000000002
707,3,30.0,2000,0.03,500,0.0055,500,20.319000000000003
708,3,30.0,2000,0.03,250,0.01,750,19.262999999999998
709,3,30.0,2000,0.03,375,0.01,750,20.404
710,3,30.0,2000,0.03,375,0.001,1000,20.482
711,3,30.0,2000,0.03,500,0.01,1000,20.48
712,3,30.0,2000,0.03,500,0.001,750,20.16
713,3,30.0,2000,0.03,250,0.0055,1000,20.477
714,3,30.0,2000,0.03,250,0.01,500,20.311
715,3,30.0,2000,0.03,500,0.01,750,20.352999999999998
716,3,30.0,2000,0.03,250,0.0055,500,20.315
717,3,30.0,2000,0.03,250,0.001,1000,20.480999999999998
718,3,30.0,2000,0.03,375,0.0055,500,20.317
719,3,30.0,2000,0.03,500,0.0055,1000,20.474
720,3,30.0,2000,0.03,250,0.01,1000,20.48
721,3,30.0,2000,0.03,500,0.001,1000,20.488000000000003
722,3,30.0,2000,0.03,250,0.0055,750,19.266
723,3,30.0,2000,0.03,375,0.01,1000,20.482
724,3,30.0,2000,0.03,375,0.0055,750,19.266
725,3,30.0,2000,0.03,500,0.0055,750,19.982
727,3,30.0,2000,0.03,500,0.01,500,20.309
728,3,30.0,2000,0.03,250,0.001,500,20.298
729,3,30.0,2000,0.03,375,0.01,500,20.308
730,1,3.0,2500,0.165,375,0.0055,750,18.868
731,1,3.0,2500,0.165,500,0.01,750,18.873
732,1,3.0,2500,0.165,250,0.0055,1000,18.9
733,1,3.0,2500,0.165,250,0.01,500,18.831
734,1,3.0,2500,0.165,250,0.001,750,18.865
735,1,3.0,2500,0.165,500,0.01,500,18.839000000000002
736,1,3.0,2500,0.165,375,0.01,1000,18.886
737,1,3.0,2500,0.165,250,0.01,1000,18.886
738,1,3.0,2500,0.165,250,0.001,500,18.827
739,1,3.0,2500,0.165,500,0.0055,500,18.832
740,1,3.0,2500,0.165,500,0.001,750,18.85
741,1,3.0,2500,0.165,500,0.001,1000,18.898
742,1,3.0,2500,0.165,375,0.0055,500,18.833
743,1,3.0,2500,0.165,375,0.0055,1000,18.891
744,1,3.0,2500,0.165,375,0.001,1000,18.9
745,1,3.0,2500,0.165,375,0.001,750,18.854
746,1,3.0,2500,0.165,500,0.0055,1000,18.894000000000002
747,1,3.0,2500,0.165,250,0.001,1000,18.858
748,1,3.0,2500,0.165,250,0.0055,750,18.866
749,1,3.0,2500,0.165,375,0.001,500,18.822
750,1,3.0,2500,0.165,500,0.01,1000,18.886
751,1,3.0,2500,0.165,250,0.01,750,18.866
752,1,3.0,2500,0.165,500,0.0055,750,18.868
753,1,3.0,2500,0.165,250,0.0055,500,18.83
754,1,3.0,2500,0.165,500,0.001,500,18.823
755,1,3.0,2500,0.165,375,0.01,750,18.873
756,1,3.0,2500,0.165,375,0.01,500,18.833
757,1,16.5,2500,0.165,500,0.0055,1000,18.883
758,1,16.5,2500,0.165,375,0.01,750,18.865
759,1,16.5,2500,0.165,500,0.01,500,18.847
760,1,16.5,2500,0.165,375,0.0055,750,18.855999999999998
761,1,16.5,2500,0.165,500,0.001,500,18.855999999999998
762,1,16.5,2500,0.165,250,0.0055,1000,18.885
763,1,16.5,2500,0.165,250,0.001,500,18.836
764,1,16.5,2500,0.165,250,0.001,1000,18.88
765,1,16.5,2500,0.165,250,0.01,750,18.859
766,1,16.5,2500,0.165,375,0.001,750,18.854
767,1,16.5,2500,0.165,500,0.001,1000,18.883
768,1,16.5,2500,0.165,375,0.0055,500,18.845
769,1,16.5,2500,0.165,250,0.0055,500,18.843
770,1,16.5,2500,0.165,375,0.01,1000,18.887999999999998
771,1,16.5,2500,0.165,375,0.01,500,18.851
772,1,16.5,2500,0.165,500,0.01,1000,18.878
773,1,16.5,2500,0.165,500,0.0055,750,18.861
774,1,16.5,2500,0.165,250,0.01,1000,18.894000000000002
775,1,16.5,2500,0.165,500,0.0055,500,18.845
776,1,16.5,2500,0.165,250,0.01,500,18.845
777,1,16.5,2500,0.165,250,0.001,750,18.845
778,1,16.5,2500,0.165,250,0.0055,750,18.85
779,1,16.5,2500,0.165,375,0.001,1000,18.88
780,1,16.5,2500,0.165,375,0.0055,1000,18.901
781,1,16.5,2500,0.165,375,0.001,500,18.839000000000002
782,1,16.5,2500,0.165,500,0.01,750,18.276
783,1,16.5,2500,0.165,500,0.001,750,18.867
784,1,30.0,2500,0.165,375,0.01,750,18.855
785,1,30.0,2500,0.165,375,0.01,500,18.842
786,1,30.0,2500,0.165,500,0.001,750,18.848
787,1,30.0,2500,0.165,500,0.0055,500,18.849
788,1,30.0,2500,0.165,250,0.001,750,18.849
789,1,30.0,2500,0.165,250,0.01,750,18.863
790,1,30.0,2500,0.165,250,0.0055,750,18.861
791,1,30.0,2500,0.165,375,0.0055,500,18.843
792,1,30.0,2500,0.165,500,0.001,1000,18.3
793,1,30.0,2500,0.165,500,0.001,500,18.839000000000002
794,1,30.0,2500,0.165,250,0.0055,500,18.843
795,1,30.0,2500,0.165,500,0.01,1000,18.762
796,1,30.0,2500,0.165,250,0.001,1000,18.869
797,1,30.0,2500,0.165,375,0.01,1000,18.53
798,1,30.0,2500,0.165,375,0.001,1000,18.872
799,1,30.0,2500,0.165,375,0.0055,1000,18.882
800,1,30.0,2500,0.165,250,0.01,1000,18.493
801,1,30.0,2500,0.165,500,0.0055,750,18.855999999999998
802,1,30.0,2500,0.165,250,0.0055,1000,18.878
804,1,30.0,2500,0.165,375,0.001,750,18.85
805,1,30.0,2500,0.165,375,0.0055,750,18.873
806,1,30.0,2500,0.165,375,0.001,500,18.843
807,1,30.0,2500,0.165,500,0.0055,1000,18.87
808,1,30.0,2500,0.165,500,0.01,500,18.844
809,1,30.0,2500,0.165,250,0.001,500,18.834
810,1,30.0,2500,0.165,250,0.01,500,18.840999999999998
811,2,3.0,2500,0.165,250,0.001,750,20.886
812,2,3.0,2500,0.165,500,0.001,750,20.87
813,2,3.0,2500,0.165,375,0.0055,500,20.649
814,2,3.0,2500,0.165,250,0.001,1000,20.878
815,2,3.0,2500,0.165,500,0.001,500,20.642
816,2,3.0,2500,0.165,250,0.0055,1000,20.892
817,2,3.0,2500,0.165,250,0.01,500,20.646
818,2,3.0,2500,0.165,375,0.001,750,20.874000000000002
819,2,3.0,2500,0.165,375,0.01,500,20.647
820,2,3.0,2500,0.165,375,0.01,1000,20.894000000000002
821,2,3.0,2500,0.165,375,0.01,750,20.834
822,2,3.0,2500,0.165,500,0.01,1000,20.894000000000002
823,2,3.0,2500,0.165,250,0.0055,750,20.83
824,2,3.0,2500,0.165,500,0.0055,1000,20.893
825,2,3.0,2500,0.165,500,0.01,750,20.866999999999997
826,2,3.0,2500,0.165,250,0.01,1000,20.872
827,2,3.0,2500,0.165,375,0.0055,1000,20.889
828,2,3.0,2500,0.165,375,0.0055,750,20.831
829,2,3.0,2500,0.165,500,0.0055,750,20.83
830,2,3.0,2500,0.165,500,0.001,1000,20.91
831,2,3.0,2500,0.165,250,0.001,500,20.658
832,2,3.0,2500,0.165,375,0.001,1000,20.910999999999998
833,2,3.0,2500,0.165,250,0.0055,500,20.614
834,2,3.0,2500,0.165,250,0.01,750,20.826
835,2,3.0,2500,0.165,375,0.001,500,20.65
836,2,3.0,2500,0.165,500,0.0055,500,20.648000000000003
837,2,3.0,2500,0.165,500,0.01,500,20.653000000000002
838,2,16.5,2500,0.165,250,0.001,750,20.845
839,2,16.5,2500,0.165,250,0.001,500,20.654
840,2,16.5,2500,0.165,500,0.0055,500,20.666
841,2,16.5,2500,0.165,500,0.001,750,20.877
842,2,16.5,2500,0.165,500,0.01,500,20.660999999999998
843,2,16.5,2500,0.165,250,0.01,1000,20.838
844,2,16.5,2500,0.165,500,0.001,1000,20.921999999999997
845,2,16.5,2500,0.165,250,0.0055,500,20.660999999999998
846,2,16.5,2500,0.165,250,0.0055,750,20.838
847,2,16.5,2500,0.165,500,0.0055,750,20.846
848,2,16.5,2500,0.165,375,0.001,1000,20.91
849,2,16.5,2500,0.165,375,0.0055,500,20.665
850,2,16.5,2500,0.165,375,0.01,1000,20.871
851,2,16.5,2500,0.165,375,0.01,750,20.779
852,2,16.5,2500,0.165,500,0.0055,1000,20.906999999999996
853,2,16.5,2500,0.165,375,0.0055,1000,20.926
854,2,16.5,2500,0.165,500,0.01,1000,20.874000000000002
855,2,16.5,2500,0.165,375,0.001,750,20.86
856,2,16.5,2500,0.165,375,0.0055,750,20.845
857,2,16.5,2500,0.165,250,0.0055,1000,20.908
858,2,16.5,2500,0.165,500,0.01,750,20.255
859,2,16.5,2500,0.165,250,0.001,1000,20.91
860,2,16.5,2500,0.165,250,0.01,750,20.746
861,2,16.5,2500,0.165,500,0.001,500,20.678
862,2,16.5,2500,0.165,250,0.01,500,20.671
863,2,16.5,2500,0.165,375,0.01,500,20.495
864,2,16.5,2500,0.165,375,0.001,500,20.666999999999998
865,2,30.0,2500,0.165,500,0.0055,500,20.663
866,2,30.0,2500,0.165,375,0.001,1000,20.908
867,2,30.0,2500,0.165,250,0.001,750,20.834
868,2,30.0,2500,0.165,375,0.0055,1000,20.906999999999996
869,2,30.0,2500,0.165,250,0.01,750,20.826999999999998
870,2,30.0,2500,0.165,375,0.001,750,20.840999999999998
871,2,30.0,2500,0.165,375,0.01,500,20.653000000000002
872,2,30.0,2500,0.165,500,0.0055,1000,20.897
873,2,30.0,2500,0.165,500,0.001,500,20.65
874,2,30.0,2500,0.165,500,0.01,1000,20.787
875,2,30.0,2500,0.165,250,0.0055,1000,20.9
877,2,30.0,2500,0.165,250,0.01,500,20.658
878,2,30.0,2500,0.165,375,0.001,500,20.658
879,2,30.0,2500,0.165,500,0.0055,750,20.82
880,2,30.0,2500,0.165,250,0.01,1000,20.518
881,2,30.0,2500,0.165,500,0.001,1000,20.336
882,2,30.0,2500,0.165,250,0.001,1000,20.909000000000002
883,2,30.0,2500,0.165,250,0.0055,500,20.66
884,2,30.0,2500,0.165,375,0.0055,750,20.854
885,2,30.0,2500,0.165,500,0.001,750,20.838
886,2,30.0,2500,0.165,375,0.01,1000,20.555
887,2,30.0,2500,0.165,375,0.01,750,20.818
888,2,30.0,2500,0.165,250,0.001,500,20.649
889,2,30.0,2500,0.165,250,0.0055,750,20.824
890,2,30.0,2500,0.165,375,0.0055,500,20.656
891,2,30.0,2500,0.165,500,0.01,500,20.655
892,3,3.0,2500,0.165,375,0.01,1000,22.524
893,3,3.0,2500,0.165,250,0.0055,500,22.291
894,3,3.0,2500,0.165,375,0.01,750,22.479
895,3,3.0,2500,0.165,375,0.01,500,22.34
896,3,3.0,2500,0.165,250,0.001,1000,22.502
897,3,3.0,2500,0.165,375,0.001,750,22.449
898,3,3.0,2500,0.165,500,0.01,500,22.180999999999997
899,3,3.0,2500,0.165,500,0.0055,750,22.412
900,3,3.0,2500,0.165,250,0.01,1000,22.48
901,3,3.0,2500,0.165,500,0.0055,500,22.365
902,3,3.0,2500,0.165,375,0.0055,1000,22.488000000000003
903,3,3.0,2500,0.165,500,0.001,750,22.458000000000002
904,3,3.0,2500,0.165,250,0.001,500,22.38
905,3,3.0,2500,0.165,500,0.001,1000,22.541
906,3,3.0,2500,0.165,375,0.001,1000,22.525
907,3,3.0,2500,0.165,500,0.0055,1000,22.523000000000003
909,3,3.0,2500,0.165,250,0.01,750,22.451999999999998
910,3,3.0,2500,0.165,375,0.0055,750,22.386999999999997
911,3,3.0,2500,0.165,375,0.001,500,22.37
912,3,3.0,2500,0.165,375,0.0055,500,22.325
913,3,3.0,2500,0.165,250,0.0055,1000,22.499000000000002
914,3,3.0,2500,0.165,500,0.001,500,22.351
915,3,3.0,2500,0.165,250,0.0055,750,22.456999999999997
916,3,3.0,2500,0.165,250,0.01,500,22.351999999999997
917,3,3.0,2500,0.165,500,0.01,750,22.45
918,3,3.0,2500,0.165,250,0.001,750,22.485
919,3,16.5,2500,0.165,500,0.01,500,22.363000000000003
920,3,16.5,2500,0.165,250,0.001,500,22.372
921,3,16.5,2500,0.165,375,0.01,500,22.195
922,3,16.5,2500,0.165,375,0.001,750,22.535999999999998
923,3,16.5,2500,0.165,500,0.001,1000,22.552
924,3,16.5,2500,0.165,375,0.01,1000,22.516
925,3,16.5,2500,0.165,500,0.0055,750,22.505
926,3,16.5,2500,0.165,500,0.001,750,22.538
927,3,16.5,2500,0.165,250,0.01,1000,22.471
928,3,16.5,2500,0.165,375,0.01,750,22.428
929,3,16.5,2500,0.165,250,0.0055,1000,22.534000000000002
930,3,16.5,2500,0.165,250,0.001,750,22.5
931,3,16.5,2500,0.165,375,0.0055,1000,22.552
932,3,16.5,2500,0.165,250,0.0055,500,22.378
933,3,16.5,2500,0.165,250,0.01,750,22.21
934,3,16.5,2500,0.165,375,0.001,1000,22.552
935,3,16.5,2500,0.165,250,0.0055,750,22.496
936,3,16.5,2500,0.165,500,0.0055,1000,22.558000000000003
937,3,16.5,2500,0.165,500,0.01,1000,22.500999999999998
938,3,16.5,2500,0.165,250,0.001,1000,22.564
939,3,16.5,2500,0.165,375,0.0055,750,22.511999999999997
940,3,16.5,2500,0.165,375,0.0055,500,22.386
941,3,16.5,2500,0.165,500,0.01,750,21.43
943,3,16.5,2500,0.165,500,0.001,500,22.368000000000002
944,3,16.5,2500,0.165,375,0.001,500,22.37
945,3,16.5,2500,0.165,500,0.0055,500,22.393
946,3,30.0,2500,0.165,500,0.01,500,22.025
947,3,30.0,2500,0.165,500,0.01,1000,22.419
948,3,30.0,2500,0.165,250,0.01,1000,22.156999999999996
949,3,30.0,2500,0.165,375,0.0055,500,22.38
950,3,30.0,2500,0.165,500,0.001,1000,21.971999999999998
951,3,30.0,2500,0.165,375,0.0055,1000,22.544
952,3,30.0,2500,0.165,250,0.0055,750,22.465
953,3,30.0,2500,0.165,375,0.01,500,22.379
955,3,30.0,2500,0.165,375,0.001,500,22.401
956,3,30.0,2500,0.165,250,0.0055,500,22.38
957,3,30.0,2500,0.165,500,0.001,750,22.515
958,3,30.0,2500,0.165,375,0.001,750,22.508000000000003
959,3,30.0,2500,0.165,250,0.0055,1000,22.54
960,3,30.0,2500,0.165,500,0.0055,750,22.479
961,3,30.0,2500,0.165,375,0.0055,750,22.509
962,3,30.0,2500,0.165,250,0.01,750,22.463
963,3,30.0,2500,0.165,500,0.0055,1000,22.555999999999997
964,3,30.0,2500,0.165,375,0.01,750,22.489
965,3,30.0,2500,0.165,375,0.01,1000,22.219
966,3,30.0,2500,0.165,375,0.001,1000,22.526
967,3,30.0,2500,0.165,250,0.001,1000,22.548000000000002
968,3,30.0,2500,0.165,500,0.0055,500,22.421999999999997
969,3,30.0,2500,0.165,250,0.001,500,22.391
970,3,30.0,2500,0.165,250,0.001,750,22.506
971,3,30.0,2500,0.165,500,0.001,500,22.421
972,3,30.0,2500,0.165,250,0.01,500,22.393
973,1,3.0,2250,0.165,375,0.01,750,18.874000000000002
974,1,3.0,2250,0.165,500,0.01,500,18.862000000000002
975,1,3.0,2250,0.165,375,0.001,500,18.857
976,1,3.0,2250,0.165,500,0.0055,1000,18.897000000000002
977,1,3.0,2250,0.165,250,0.0055,1000,18.897000000000002
978,1,3.0,2250,0.165,250,0.001,750,18.873
979,1,3.0,2250,0.165,375,0.0055,1000,18.897000000000002
980,1,3.0,2250,0.165,250,0.01,750,18.873
981,1,3.0,2250,0.165,250,0.001,500,18.815
982,1,3.0,2250,0.165,375,0.001,750,18.886
983,1,3.0,2250,0.165,500,0.001,1000,18.894000000000002
984,1,3.0,2250,0.165,250,0.01,1000,18.897000000000002
985,1,3.0,2250,0.165,375,0.01,500,18.86
986,1,3.0,2250,0.165,500,0.0055,750,18.873
987,1,3.0,2250,0.165,375,0.001,1000,18.631
988,1,3.0,2250,0.165,250,0.001,1000,18.891
989,1,3.0,2250,0.165,500,0.01,750,18.874000000000002
990,1,3.0,2250,0.165,250,0.0055,750,18.867
991,1,3.0,2250,0.165,375,0.0055,500,18.861
992,1,3.0,2250,0.165,500,0.0055,500,18.862000000000002
993,1,3.0,2250,0.165,375,0.01,1000,18.915
994,1,3.0,2250,0.165,500,0.01,1000,18.915
995,1,3.0,2250,0.165,250,0.01,500,18.863
996,1,3.0,2250,0.165,500,0.001,750,18.869
997,1,3.0,2250,0.165,250,0.0055,500,18.861
998,1,3.0,2250,0.165,500,0.001,500,18.854
999,1,3.0,2250,0.165,375,0.0055,750,18.88
1000,1,16.5,2250,0.165,250,0.0055,500,18.865
1001,1,16.5,2250,0.165,375,0.001,1000,18.877
1002,1,16.5,2250,0.165,375,0.01,750,20.989
1003,1,16.5,2250,0.165,500,0.001,1000,18.885
1004,1,16.5,2250,0.165,375,0.01,1000,18.893
1005,1,16.5,2250,0.165,250,0.01,1000,18.889
1006,1,16.5,2250,0.165,375,0.001,750,18.867
1007,1,16.5,2250,0.165,250,0.001,750,18.855999999999998
1008,1,16.5,2250,0.165,250,0.01,750,18.866
1009,1,16.5,2250,0.165,500,0.0055,500,18.866
1010,1,16.5,2250,0.165,375,0.0055,500,18.866
1011,1,16.5,2250,0.165,500,0.0055,750,18.878
1012,1,16.5,2250,0.165,500,0.01,500,18.867
1013,1,16.5,2250,0.165,250,0.001,500,18.861
1014,1,16.5,2250,0.165,375,0.0055,750,18.883
1015,1,16.5,2250,0.165,375,0.01,500,18.866
1016,1,16.5,2250,0.165,375,0.0055,1000,18.885
1017,1,16.5,2250,0.165,500,0.01,1000,18.902
1018,1,16.5,2250,0.165,250,0.01,500,18.862000000000002
1019,1,16.5,2250,0.165,250,0.0055,750,18.877
1020,1,16.5,2250,0.165,500,0.01,750,20.079
1021,1,16.5,2250,0.165,375,0.001,500,18.865
1022,1,16.5,2250,0.165,500,0.001,750,18.868
1023,1,16.5,2250,0.165,500,0.0055,1000,18.909000000000002
1024,1,16.5,2250,0.165,250,0.0055,1000,18.883
1025,1,16.5,2250,0.165,500,0.001,500,18.863
1026,1,16.5,2250,0.165,250,0.001,1000,18.883
1027,1,30.0,2250,0.165,375,0.0055,750,18.882
1028,1,30.0,2250,0.165,375,0.0055,1000,18.279
1029,1,30.0,2250,0.165,375,0.0055,500,18.486
1030,1,30.0,2250,0.165,375,0.001,1000,18.695
1031,1,30.0,2250,0.165,375,0.01,750,24.093000000000004
1032,1,30.0,2250,0.165,250,0.0055,750,18.884
1033,1,30.0,2250,0.165,375,0.001,750,18.885
1034,1,30.0,2250,0.165,250,0.01,750,18.885
1035,1,30.0,2250,0.165,250,0.001,750,18.883
1036,1,30.0,2250,0.165,250,0.0055,500,18.416
1037,1,30.0,2250,0.165,250,0.0055,1000,18.885
1038,1,30.0,2250,0.165,375,0.01,1000,18.622
1039,1,30.0,2250,0.165,375,0.01,500,18.459
1040,1,30.0,2250,0.165,250,0.01,1000,18.266
1041,1,30.0,2250,0.165,250,0.01,500,18.463
1042,1,30.0,2250,0.165,375,0.001,500,18.342
1043,1,30.0,2250,0.165,250,0.001,1000,18.89
1044,1,30.0,2250,0.165,250,0.001,500,18.385
1045,1,30.0,2250,0.165,500,0.0055,500,18.500999999999998
1046,1,30.0,2250,0.165,500,0.0055,750,18.872
1047,1,30.0,2250,0.165,500,0.01,1000,18.28
1048,1,30.0,2250,0.165,500,0.001,1000,18.901
1049,1,30.0,2250,0.165,500,0.01,500,18.402
1050,1,30.0,2250,0.165,500,0.001,750,18.891
1051,1,30.0,2250,0.165,500,0.0055,1000,18.403
1052,1,30.0,2250,0.165,500,0.01,750,18.88
1053,1,30.0,2250,0.165,500,0.001,500,18.424
1054,2,3.0,2250,0.165,500,0.01,1000,21.026999999999997
1055,2,3.0,2250,0.165,250,0.0055,1000,21.009
1056,2,3.0,2250,0.165,250,0.0055,500,20.749000000000002
1057,2,3.0,2250,0.165,375,0.0055,500,20.738000000000003
1058,2,3.0,2250,0.165,375,0.001,750,20.947
1059,2,3.0,2250,0.165,500,0.0055,750,20.936
1060,2,3.0,2250,0.165,375,0.0055,1000,21.009
1061,2,3.0,2250,0.165,250,0.001,750,20.954
1062,2,3.0,2250,0.165,250,0.001,1000,21.02
1063,2,3.0,2250,0.165,500,0.001,500,20.753
1064,2,3.0,2250,0.165,500,0.001,750,20.930999999999997
1065,2,3.0,2250,0.165,250,0.01,500,20.749000000000002
1066,2,3.0,2250,0.165,375,0.01,1000,21.026999999999997
1067,2,3.0,2250,0.165,375,0.01,500,20.746
1068,2,3.0,2250,0.165,250,0.01,1000,21.011
1069,2,3.0,2250,0.165,375,0.0055,750,20.94
1070,2,3.0,2250,0.165,375,0.001,1000,20.761
1071,2,3.0,2250,0.165,500,0.001,1000,21.023000000000003
1072,2,3.0,2250,0.165,375,0.01,750,20.939
1073,2,3.0,2250,0.165,500,0.0055,1000,21.01
1074,2,3.0,2250,0.165,500,0.0055,500,20.741999999999997
1075,2,3.0,2250,0.165,250,0.01,750,20.936
1076,2,3.0,2250,0.165,500,0.01,750,20.936999999999998
1077,2,3.0,2250,0.165,250,0.0055,750,20.929000000000002
1078,2,3.0,2250,0.165,375,0.001,500,20.756
1079,2,3.0,2250,0.165,500,0.01,500,20.748
1080,2,3.0,2250,0.165,250,0.001,500,20.708000000000002
1081,2,16.5,2250,0.165,250,0.01,750,20.927
1082,2,16.5,2250,0.165,375,0.0055,750,20.799
1083,2,16.5,2250,0.165,250,0.001,1000,21.029
1084,2,16.5,2250,0.165,250,0.0055,1000,21.018
1085,2,16.5,2250,0.165,500,0.01,1000,21.035
1086,2,16.5,2250,0.165,250,0.001,500,20.741999999999997
1087,2,16.5,2250,0.165,375,0.01,1000,21.026
1088,2,16.5,2250,0.165,375,0.0055,500,20.743000000000002
1089,2,16.5,2250,0.165,250,0.01,500,20.737
1090,2,16.5,2250,0.165,375,0.001,1000,21.03
1091,2,16.5,2250,0.165,375,0.01,750,22.919
1092,2,16.5,2250,0.165,500,0.001,750,20.969
1093,2,16.5,2250,0.165,500,0.0055,500,20.743000000000002
1094,2,16.5,2250,0.165,500,0.0055,750,20.936999999999998
1095,2,16.5,2250,0.165,375,0.0055,1000,21.02
1096,2,16.5,2250,0.165,375,0.01,500,20.746
1097,2,16.5,2250,0.165,500,0.01,750,21.430999999999997
1098,2,16.5,2250,0.165,375,0.001,750,20.969
1099,2,16.5,2250,0.165,250,0.0055,750,20.933000000000003
1100,2,16.5,2250,0.165,500,0.01,500,20.747
1101,2,16.5,2250,0.165,375,0.001,500,20.738000000000003
1102,2,16.5,2250,0.165,500,0.001,1000,21.038
1103,2,16.5,2250,0.165,250,0.0055,500,20.739
1104,2,16.5,2250,0.165,250,0.01,1000,21.008000000000003
1105,2,16.5,2250,0.165,250,0.001,750,20.930999999999997
1106,2,16.5,2250,0.165,500,0.0055,1000,21.048000000000002
1107,2,16.5,2250,0.165,500,0.001,500,20.743000000000002
1108,2,30.0,2250,0.165,500,0.0055,1000,20.539
1109,2,30.0,2250,0.165,375,0.001,1000,20.823
1110,2,30.0,2250,0.165,250,0.001,500,20.253
1111,2,30.0,2250,0.165,375,0.01,750,25.116
1112,2,30.0,2250,0.165,375,0.0055,750,20.991999999999997
1113,2,30.0,2250,0.165,375,0.0055,1000,20.404
1114,2,30.0,2250,0.165,500,0.001,500,20.295
1115,2,30.0,2250,0.165,250,0.0055,1000,21.005
1116,2,30.0,2250,0.165,250,0.0055,750,20.984
1117,2,30.0,2250,0.165,500,0.01,500,20.269000000000002
1118,2,30.0,2250,0.165,375,0.001,500,20.107
1119,2,30.0,2250,0.165,250,0.01,750,20.993000000000002
1120,2,30.0,2250,0.165,250,0.01,500,20.334
1121,2,30.0,2250,0.165,500,0.01,750,20.991
1122,2,30.0,2250,0.165,375,0.01,1000,20.756
1123,2,30.0,2250,0.165,375,0.01,500,20.325
1124,2,30.0,2250,0.165,250,0.0055,500,20.281
1125,2,30.0,2250,0.165,250,0.001,750,20.971
1126,2,30.0,2250,0.165,375,0.0055,500,20.35
1127,2,30.0,2250,0.165,500,0.0055,500,20.366
1128,2,30.0,2250,0.165,375,0.001,750,20.97
1129,2,30.0,2250,0.165,500,0.0055,750,20.974
1130,2,30.0,2250,0.165,250,0.01,1000,20.397000000000002
1131,2,30.0,2250,0.165,500,0.01,1000,20.412
1132,2,30.0,2250,0.165,250,0.001,1000,21.017
1133,2,30.0,2250,0.165,500,0.001,750,20.98
1134,2,30.0,2250,0.165,500,0.001,1000,21.026
1135,3,3.0,2250,0.165,250,0.0055,750,22.616999999999997
1136,3,3.0,2250,0.165,375,0.0055,1000,22.671999999999997
1137,3,3.0,2250,0.165,500,0.001,500,22.416999999999998
1138,3,3.0,2250,0.165,250,0.01,500,22.598000000000003
1139,3,3.0,2250,0.165,500,0.01,1000,22.718000000000004
1140,3,3.0,2250,0.165,500,0.0055,750,22.66
1141,3,3.0,2250,0.165,375,0.01,750,22.664
1142,3,3.0,2250,0.165,250,0.001,1000,22.694000000000003
1143,3,3.0,2250,0.165,375,0.01,500,22.485
1144,3,3.0,2250,0.165,500,0.0055,1000,22.686
1145,3,3.0,2250,0.165,250,0.01,750,22.631
1146,3,3.0,2250,0.165,375,0.001,500,22.494
1147,3,3.0,2250,0.165,250,0.001,750,22.662
1148,3,3.0,2250,0.165,500,0.0055,500,22.491999999999997
1149,3,3.0,2250,0.165,500,0.01,750,22.713
1150,3,3.0,2250,0.165,250,0.0055,1000,22.691
1151,3,3.0,2250,0.165,375,0.0055,750,22.659000000000002
1152,3,3.0,2250,0.165,375,0.0055,500,22.494
1153,3,3.0,2250,0.165,500,0.01,500,22.544
1154,3,3.0,2250,0.165,500,0.001,1000,22.706
1155,3,3.0,2250,0.165,250,0.01,1000,22.673000000000002
1156,3,3.0,2250,0.165,500,0.001,750,22.644000000000002
1157,3,3.0,2250,0.165,375,0.01,1000,22.713
1158,3,3.0,2250,0.165,250,0.001,500,22.506999999999998
1159,3,3.0,2250,0.165,375,0.001,750,22.647
1160,3,3.0,2250,0.165,375,0.001,1000,22.448
1161,3,3.0,2250,0.165,250,0.0055,500,22.496
1162,3,16.5,2250,0.165,250,0.001,500,20.635
1163,3,16.5,2250,0.165,375,0.0055,500,20.636
1164,3,16.5,2250,0.165,375,0.001,500,20.631
1165,3,16.5,2250,0.165,375,0.01,750,22.826999999999998
1166,3,16.5,2250,0.165,250,0.01,1000,20.923000000000002
1167,3,16.5,2250,0.165,500,0.01,750,21.328000000000003
1168,3,16.5,2250,0.165,375,0.001,1000,20.945
1169,3,16.5,2250,0.165,250,0.0055,500,20.631
1171,3,16.5,2250,0.165,500,0.001,1000,20.954
1172,3,16.5,2250,0.165,250,0.0055,750,20.844
1173,3,16.5,2250,0.165,250,0.0055,1000,20.933000000000003
1174,3,16.5,2250,0.165,375,0.0055,1000,20.935
1175,3,16.5,2250,0.165,500,0.001,750,20.879
1176,3,16.5,2250,0.165,375,0.01,500,20.638
1177,3,16.5,2250,0.165,375,0.0055,750,20.709
1178,3,16.5,2250,0.165,250,0.01,750,20.838
1179,3,16.5,2250,0.165,375,0.01,1000,20.941
1180,3,16.5,2250,0.165,500,0.0055,750,20.846999999999998
1181,3,16.5,2250,0.165,500,0.01,1000,20.95
1182,3,16.5,2250,0.165,500,0.0055,500,20.636
1183,3,16.5,2250,0.165,375,0.001,750,20.88
1184,3,16.5,2250,0.165,500,0.0055,1000,20.963
1185,3,16.5,2250,0.165,250,0.001,750,20.840999999999998
1186,3,16.5,2250,0.165,250,0.01,500,20.63
1187,3,16.5,2250,0.165,250,0.001,1000,20.944000000000003
1188,3,16.5,2250,0.165,500,0.001,500,20.635
1189,3,30.0,2250,0.165,250,0.0055,750,22.759
1191,3,30.0,2250,0.165,250,0.001,1000,22.71
1192,3,30.0,2250,0.165,375,0.0055,1000,22.121
1193,3,30.0,2250,0.165,500,0.01,500,22.084
1194,3,30.0,2250,0.165,250,0.01,500,22.168000000000003
1195,3,30.0,2250,0.165,375,0.001,500,21.939
1196,3,30.0,2250,0.165,500,0.001,750,22.752
1197,3,30.0,2250,0.165,500,0.001,1000,22.741999999999997
1198,3,30.0,2250,0.165,375,0.01,1000,22.468000000000004
1199,3,30.0,2250,0.165,250,0.001,500,22.115
1200,3,30.0,2250,0.165,500,0.0055,500,22.203000000000003
1201,3,30.0,2250,0.165,375,0.0055,750,22.73
1202,3,30.0,2250,0.165,250,0.001,750,22.721
1203,3,30.0,2250,0.165,375,0.001,1000,22.543000000000003
1204,3,30.0,2250,0.165,250,0.0055,1000,22.698
1205,3,30.0,2250,0.165,375,0.001,750,22.745
1206,3,30.0,2250,0.165,250,0.01,750,22.705
1207,3,30.0,2250,0.165,375,0.01,500,22.164
1208,3,30.0,2250,0.165,250,0.01,1000,22.086
1210,3,30.0,2250,0.165,375,0.0055,500,22.18
1211,3,30.0,2250,0.165,375,0.01,750,27.079
1212,3,30.0,2250,0.165,500,0.01,1000,22.143
1213,3,30.0,2250,0.165,500,0.0055,1000,22.261
1214,3,30.0,2250,0.165,250,0.0055,500,22.112
1215,3,30.0,2250,0.165,500,0.001,500,22.125999999999998
1216,1,3.0,2000,0.165,375,0.001,1000,18.916
1217,1,3.0,2000,0.165,250,0.01,1000,18.904
1218,1,3.0,2000,0.165,250,0.0055,750,18.71
1219,1,3.0,2000,0.165,500,0.0055,500,18.9
1220,1,3.0,2000,0.165,375,0.0055,500,18.896
1221,1,3.0,2000,0.165,250,0.001,750,18.722
1222,1,3.0,2000,0.165,500,0.01,1000,18.925
1223,1,3.0,2000,0.165,500,0.001,750,18.746
1224,1,3.0,2000,0.165,250,0.0055,1000,18.926
1225,1,3.0,2000,0.165,375,0.01,750,18.792
1226,1,3.0,2000,0.165,500,0.001,1000,18.913
1227,1,3.0,2000,0.165,375,0.0055,750,18.706
1228,1,3.0,2000,0.165,375,0.01,500,18.898
1229,1,3.0,2000,0.165,250,0.001,500,18.887
1230,1,3.0,2000,0.165,375,0.01,1000,18.924
1231,1,3.0,2000,0.165,500,0.0055,750,18.714000000000002
1232,1,3.0,2000,0.165,250,0.0055,500,18.899
1233,1,3.0,2000,0.165,250,0.01,750,18.538
1234,1,3.0,2000,0.165,375,0.001,500,18.899
1235,1,3.0,2000,0.165,500,0.001,500,18.91
1236,1,3.0,2000,0.165,500,0.0055,1000,18.925
1237,1,3.0,2000,0.165,250,0.001,1000,18.914
1238,1,3.0,2000,0.165,500,0.01,750,18.952
1239,1,3.0,2000,0.165,375,0.0055,1000,18.928
1240,1,3.0,2000,0.165,500,0.01,500,19.584
1241,1,3.0,2000,0.165,250,0.01,500,18.897000000000002
1242,1,3.0,2000,0.165,375,0.001,750,18.741
1243,1,16.5,2000,0.165,500,0.001,1000,18.928
1244,1,16.5,2000,0.165,500,0.0055,750,18.928
1245,1,16.5,2000,0.165,250,0.0055,500,20.101
1246,1,16.5,2000,0.165,375,0.01,500,18.905
1247,1,16.5,2000,0.165,500,0.01,500,19.224
1248,1,16.5,2000,0.165,250,0.0055,750,18.915
1249,1,16.5,2000,0.165,250,0.001,750,18.898
1250,1,16.5,2000,0.165,250,0.001,500,18.895
1251,1,16.5,2000,0.165,250,0.0055,1000,18.937
1252,1,16.5,2000,0.165,500,0.001,500,18.898
1253,1,16.5,2000,0.165,375,0.01,750,18.914
1254,1,16.5,2000,0.165,375,0.01,1000,18.945
1255,1,16.5,2000,0.165,375,0.0055,1000,18.945999999999998
1256,1,16.5,2000,0.165,500,0.001,750,18.909000000000002
1257,1,16.5,2000,0.165,500,0.0055,500,18.902
1258,1,16.5,2000,0.165,250,0.01,750,18.906
1259,1,16.5,2000,0.165,250,0.01,500,18.903
1260,1,16.5,2000,0.165,375,0.001,750,18.907
1261,1,16.5,2000,0.165,375,0.0055,750,18.924
1262,1,16.5,2000,0.165,375,0.0055,500,18.904
1263,1,16.5,2000,0.165,375,0.001,500,18.898
1264,1,16.5,2000,0.165,250,0.001,1000,18.934
1265,1,16.5,2000,0.165,500,0.01,1000,18.945
1266,1,16.5,2000,0.165,375,0.001,1000,18.926
1267,1,16.5,2000,0.165,500,0.0055,1000,18.937
1268,1,16.5,2000,0.165,500,0.01,750,18.922
1269,1,16.5,2000,0.165,250,0.01,1000,18.934
1270,1,30.0,2000,0.165,500,0.001,1000,18.9
1271,1,30.0,2000,0.165,250,0.01,750,18.897000000000002
1272,1,30.0,2000,0.165,250,0.01,1000,18.929000000000002
1273,1,30.0,2000,0.165,375,0.0055,500,18.903
1274,1,30.0,2000,0.165,375,0.01,1000,18.922
1275,1,30.0,2000,0.165,250,0.0055,1000,18.930999999999997
1276,1,30.0,2000,0.165,500,0.001,750,18.895
1277,1,30.0,2000,0.165,500,0.0055,750,18.908
1278,1,30.0,2000,0.165,375,0.01,500,18.91
1279,1,30.0,2000,0.165,500,0.01,500,18.908
1280,1,30.0,2000,0.165,375,0.001,750,18.894000000000002
1281,1,30.0,2000,0.165,250,0.001,500,18.893
1282,1,30.0,2000,0.165,250,0.001,750,18.91
1283,1,30.0,2000,0.165,500,0.0055,1000,18.929000000000002
1284,1,30.0,2000,0.165,375,0.001,1000,18.908
1285,1,30.0,2000,0.165,375,0.01,750,18.904
1286,1,30.0,2000,0.165,375,0.0055,750,18.912
1287,1,30.0,2000,0.165,375,0.0055,1000,18.923
1288,1,30.0,2000,0.165,500,0.0055,500,18.903
1289,1,30.0,2000,0.165,250,0.001,1000,18.92
1290,1,30.0,2000,0.165,250,0.0055,750,18.915
1291,1,30.0,2000,0.165,500,0.01,750,18.929000000000002
1292,1,30.0,2000,0.165,500,0.01,1000,19.254
1293,1,30.0,2000,0.165,250,0.01,500,18.901
1294,1,30.0,2000,0.165,375,0.001,500,18.897000000000002
1295,1,30.0,2000,0.165,500,0.001,500,18.903
1296,1,30.0,2000,0.165,250,0.0055,500,18.907
1297,2,3.0,2000,0.165,375,0.001,1000,21.144000000000002
1298,2,3.0,2000,0.165,250,0.01,500,20.845
1299,2,3.0,2000,0.165,250,0.0055,750,20.818
1300,2,3.0,2000,0.165,375,0.01,750,20.979
1301,2,3.0,2000,0.165,500,0.01,500,20.994
1302,2,3.0,2000,0.165,375,0.01,1000,21.165
1303,2,3.0,2000,0.165,500,0.001,750,20.932
1304,2,3.0,2000,0.165,250,0.001,500,20.82
1305,2,3.0,2000,0.165,250,0.001,750,20.904
1306,2,3.0,2000,0.165,500,0.0055,1000,21.15
1307,2,3.0,2000,0.165,375,0.0055,750,20.756999999999998
1308,2,3.0,2000,0.165,500,0.001,500,20.86
1309,2,3.0,2000,0.165,250,0.0055,1000,21.169
1310,2,3.0,2000,0.165,375,0.0055,1000,21.169
1311,2,3.0,2000,0.165,250,0.01,750,20.724
1312,2,3.0,2000,0.165,250,0.01,1000,21.147
1313,2,3.0,2000,0.165,375,0.001,750,20.923000000000002
1314,2,3.0,2000,0.165,250,0.001,1000,21.154
1315,2,3.0,2000,0.165,500,0.01,750,21.13
1316,2,3.0,2000,0.165,500,0.001,1000,21.171
1317,2,3.0,2000,0.165,500,0.01,1000,21.163
1318,2,3.0,2000,0.165,375,0.0055,500,20.843000000000004
1319,2,3.0,2000,0.165,500,0.0055,750,20.885
1320,2,3.0,2000,0.165,375,0.001,500,20.846
1321,2,3.0,2000,0.165,500,0.0055,500,20.85
1322,2,3.0,2000,0.165,250,0.0055,500,20.846999999999998
1323,2,3.0,2000,0.165,375,0.01,500,20.846999999999998
1324,2,16.5,2000,0.165,500,0.001,750,21.131999999999998
1325,2,16.5,2000,0.165,375,0.01,500,20.831
1326,2,16.5,2000,0.165,500,0.0055,500,20.83
1327,2,16.5,2000,0.165,375,0.0055,1000,21.208000000000002
1328,2,16.5,2000,0.165,500,0.01,500,20.984
1329,2,16.5,2000,0.165,375,0.001,750,21.116999999999997
1330,2,16.5,2000,0.165,250,0.01,750,21.131
1331,2,16.5,2000,0.165,250,0.01,1000,21.195
1332,2,16.5,2000,0.165,500,0.01,1000,21.296999999999997
1333,2,16.5,2000,0.165,375,0.0055,750,21.153000000000002
1334,2,16.5,2000,0.165,375,0.0055,500,20.838
1335,2,16.5,2000,0.165,250,0.001,750,21.098000000000003
1336,2,16.5,2000,0.165,500,0.001,1000,21.195
1337,2,16.5,2000,0.165,250,0.001,500,20.809
1338,2,16.5,2000,0.165,500,0.0055,1000,21.2
1339,2,16.5,2000,0.165,375,0.01,1000,21.145
1340,2,16.5,2000,0.165,375,0.01,750,21.116
1341,2,16.5,2000,0.165,500,0.0055,750,21.14
1342,2,16.5,2000,0.165,250,0.0055,750,21.112
1343,2,16.5,2000,0.165,500,0.001,500,20.918000000000003
1344,2,16.5,2000,0.165,500,0.01,750,21.124000000000002
1345,2,16.5,2000,0.165,250,0.0055,500,20.968000000000004
1346,2,16.5,2000,0.165,250,0.0055,1000,21.2
1347,2,16.5,2000,0.165,375,0.001,1000,21.201
1348,2,16.5,2000,0.165,250,0.001,1000,21.203000000000003
1349,2,16.5,2000,0.165,250,0.01,500,20.834
1350,2,16.5,2000,0.165,375,0.001,500,20.82
1351,2,30.0,2000,0.165,500,0.0055,500,20.831999999999997
1352,2,30.0,2000,0.165,375,0.001,750,21.089000000000002
1353,2,30.0,2000,0.165,375,0.01,1000,21.171999999999997
1354,2,30.0,2000,0.165,500,0.0055,750,21.093000000000004
1355,2,30.0,2000,0.165,250,0.0055,750,21.122
1356,2,30.0,2000,0.165,375,0.01,750,21.08
1357,2,30.0,2000,0.165,375,0.0055,500,20.838
1358,2,30.0,2000,0.165,250,0.001,1000,21.193
1359,2,30.0,2000,0.165,375,0.0055,1000,21.186
1360,2,30.0,2000,0.165,250,0.001,500,20.822
1361,2,30.0,2000,0.165,500,0.001,1000,21.178
1362,2,30.0,2000,0.165,500,0.01,750,21.14
1363,2,30.0,2000,0.165,250,0.01,500,20.831999999999997
1364,2,30.0,2000,0.165,500,0.001,500,20.84
1365,2,30.0,2000,0.165,500,0.0055,1000,21.183000000000003
1366,2,30.0,2000,0.165,375,0.001,1000,21.180999999999997
1367,2,30.0,2000,0.165,250,0.0055,1000,21.189
1368,2,30.0,2000,0.165,250,0.01,1000,21.180999999999997
1369,2,30.0,2000,0.165,250,0.01,750,21.078000000000003
1370,2,30.0,2000,0.165,500,0.001,750,21.095
1371,2,30.0,2000,0.165,375,0.0055,750,21.090999999999998
1372,2,30.0,2000,0.165,250,0.001,750,21.104
1373,2,30.0,2000,0.165,250,0.0055,500,20.842
1374,2,30.0,2000,0.165,500,0.01,1000,21.221
1375,2,30.0,2000,0.165,375,0.01,500,20.838
1376,2,30.0,2000,0.165,500,0.01,500,20.837
1377,2,30.0,2000,0.165,375,0.001,500,20.833000000000002
1378,3,3.0,2000,0.165,250,0.001,750,22.585
1379,3,3.0,2000,0.165,250,0.01,750,22.499000000000002
1380,3,3.0,2000,0.165,250,0.001,500,22.676
1381,3,3.0,2000,0.165,375,0.001,500,22.671
1382,3,3.0,2000,0.165,500,0.0055,1000,22.916999999999998
1383,3,3.0,2000,0.165,500,0.01,500,23.034000000000002
1384,3,3.0,2000,0.165,500,0.001,1000,22.913
1385,3,3.0,2000,0.165,375,0.01,500,22.752
1386,3,3.0,2000,0.165,375,0.01,1000,22.833000000000002
1387,3,3.0,2000,0.165,500,0.0055,750,22.664
1388,3,3.0,2000,0.165,375,0.001,750,22.588
1389,3,3.0,2000,0.165,375,0.0055,1000,22.898000000000003
1390,3,3.0,2000,0.165,250,0.01,1000,22.89
1391,3,3.0,2000,0.165,500,0.0055,500,22.763
1392,3,3.0,2000,0.165,375,0.0055,500,22.72
1393,3,3.0,2000,0.165,500,0.01,750,22.928
1394,3,3.0,2000,0.165,375,0.0055,750,22.528000000000002
1395,3,3.0,2000,0.165,375,0.01,750,22.750999999999998
1396,3,3.0,2000,0.165,500,0.01,1000,22.874000000000002
1397,3,3.0,2000,0.165,500,0.001,750,22.615
1398,3,3.0,2000,0.165,250,0.0055,500,22.721999999999998
1399,3,3.0,2000,0.165,500,0.001,500,22.717
1400,3,3.0,2000,0.165,250,0.0055,750,22.625999999999998
1401,3,3.0,2000,0.165,250,0.01,500,22.724
1402,3,3.0,2000,0.165,375,0.001,1000,22.859
1403,3,3.0,2000,0.165,250,0.0055,1000,22.919
1404,3,3.0,2000,0.165,250,0.001,1000,22.893
1405,3,16.5,2000,0.165,500,0.01,1000,23.051
1406,3,16.5,2000,0.165,500,0.01,750,22.825
1407,3,16.5,2000,0.165,375,0.01,500,22.653000000000002
1408,3,16.5,2000,0.165,250,0.01,1000,22.954
1409,3,16.5,2000,0.165,250,0.01,500,22.732
1410,3,16.5,2000,0.165,500,0.001,750,22.89
1411,3,16.5,2000,0.165,250,0.001,500,22.668000000000003
1412,3,16.5,2000,0.165,375,0.001,750,22.885
1413,3,16.5,2000,0.165,375,0.0055,750,22.965999999999998
1414,3,16.5,2000,0.165,500,0.0055,500,22.664
1415,3,16.5,2000,0.165,375,0.001,1000,22.948
1416,3,16.5,2000,0.165,250,0.0055,750,22.925
1417,3,16.5,2000,0.165,375,0.0055,500,22.749000000000002
1418,3,16.5,2000,0.165,250,0.0055,1000,22.956
1419,3,16.5,2000,0.165,375,0.0055,1000,22.976
1420,3,16.5,2000,0.165,500,0.001,1000,22.947
1422,3,16.5,2000,0.165,500,0.0055,750,22.956999999999997
1423,3,16.5,2000,0.165,375,0.01,750,22.936999999999998
1424,3,16.5,2000,0.165,250,0.01,750,22.94
1425,3,16.5,2000,0.165,500,0.0055,1000,22.964000000000002
1426,3,16.5,2000,0.165,500,0.01,500,22.948
1427,3,16.5,2000,0.165,250,0.0055,500,23.065
1428,3,16.5,2000,0.165,375,0.001,500,22.695
1429,3,16.5,2000,0.165,250,0.001,750,22.871
1430,3,16.5,2000,0.165,250,0.001,1000,22.953000000000003
1431,3,16.5,2000,0.165,500,0.001,500,22.885
1432,3,30.0,2000,0.165,500,0.0055,750,22.901
1433,3,30.0,2000,0.165,250,0.01,1000,23.201
1434,3,30.0,2000,0.165,375,0.0055,1000,22.933000000000003
1435,3,30.0,2000,0.165,375,0.0055,500,22.735
1436,3,30.0,2000,0.165,500,0.001,1000,22.939
1437,3,30.0,2000,0.165,250,0.001,750,22.918000000000003
1438,3,30.0,2000,0.165,250,0.0055,750,22.956999999999997
1439,3,30.0,2000,0.165,500,0.01,1000,23.084
1440,3,30.0,2000,0.165,250,0.001,1000,22.936999999999998
1441,3,30.0,2000,0.165,500,0.01,500,22.724
1442,3,30.0,2000,0.165,500,0.001,500,22.666
1443,3,30.0,2000,0.165,375,0.001,500,22.668000000000003
1444,3,30.0,2000,0.165,250,0.01,500,22.572
1445,3,30.0,2000,0.165,375,0.0055,750,22.941
1446,3,30.0,2000,0.165,250,0.01,750,22.897
1447,3,30.0,2000,0.165,250,0.0055,1000,22.949
1448,3,30.0,2000,0.165,375,0.01,750,22.899
1449,3,30.0,2000,0.165,375,0.001,1000,22.939
1450,3,30.0,2000,0.165,375,0.01,500,22.768
1451,3,30.0,2000,0.165,375,0.01,1000,22.89
1452,3,30.0,2000,0.165,500,0.0055,1000,22.94
1453,3,30.0,2000,0.165,375,0.001,750,22.934
1454,3,30.0,2000,0.165,250,0.001,500,22.660999999999998
1455,3,30.0,2000,0.165,250,0.0055,500,22.680999999999997
1456,3,30.0,2000,0.165,500,0.01,750,22.910999999999998
1457,3,30.0,2000,0.165,500,0.001,750,22.916
1458,3,30.0,2000,0.165,500,0.0055,500,22.787
1459,1,3.0,2500,0.3,500,0.001,500,19.031
1460,1,3.0,2500,0.3,250,0.001,1000,19.038
1461,1,3.0,2500,0.3,250,0.0055,750,19.044
1462,1,3.0,2500,0.3,375,0.0055,500,19.058
1463,1,3.0,2500,0.3,500,0.0055,500,20.070999999999998
1464,1,3.0,2500,0.3,375,0.001,500,19.033
1465,1,3.0,2500,0.3,500,0.01,1000,19.05
1466,1,3.0,2500,0.3,375,0.001,750,19.047
1467,1,3.0,2500,0.3,250,0.01,750,19.04
1468,1,3.0,2500,0.3,250,0.01,500,19.041
1469,1,3.0,2500,0.3,375,0.001,1000,19.041
1470,1,3.0,2500,0.3,500,0.01,750,19.066
1471,1,3.0,2500,0.3,375,0.0055,1000,19.053
1472,1,3.0,2500,0.3,500,0.0055,1000,19.046
1473,1,3.0,2500,0.3,500,0.0055,750,19.035999999999998
1474,1,3.0,2500,0.3,375,0.0055,750,19.038
1475,1,3.0,2500,0.3,500,0.01,500,19.045
1476,1,3.0,2500,0.3,500,0.001,750,19.029
1477,1,3.0,2500,0.3,375,0.01,500,19.034000000000002
1478,1,3.0,2500,0.3,375,0.01,750,19.043
1479,1,3.0,2500,0.3,250,0.001,500,19.033
1480,1,3.0,2500,0.3,250,0.0055,500,19.035
1481,1,3.0,2500,0.3,375,0.01,1000,19.046
1482,1,3.0,2500,0.3,250,0.001,750,19.028
1483,1,3.0,2500,0.3,250,0.0055,1000,19.046
1484,1,3.0,2500,0.3,500,0.001,1000,19.038
1485,1,3.0,2500,0.3,250,0.01,1000,19.041
1486,1,16.5,2500,0.3,375,0.0055,500,19.022000000000002
1487,1,16.5,2500,0.3,500,0.0055,750,19.059
1488,1,16.5,2500,0.3,250,0.001,1000,18.5
1489,1,16.5,2500,0.3,250,0.0055,1000,18.725
1490,1,16.5,2500,0.3,500,0.001,500,19.032
1491,1,16.5,2500,0.3,500,0.001,1000,19.022000000000002
1492,1,16.5,2500,0.3,375,0.001,750,19.052
1493,1,16.5,2500,0.3,250,0.0055,750,18.727
1494,1,16.5,2500,0.3,500,0.01,750,18.608
1495,1,16.5,2500,0.3,250,0.01,500,19.032
1496,1,16.5,2500,0.3,375,0.01,750,19.059
1497,1,16.5,2500,0.3,375,0.0055,1000,19.035
1498,1,16.5,2500,0.3,375,0.01,1000,18.922
1499,1,16.5,2500,0.3,250,0.001,500,19.03
1500,1,16.5,2500,0.3,500,0.0055,500,19.070999999999998
1501,1,16.5,2500,0.3,500,0.001,750,19.052
1502,1,16.5,2500,0.3,375,0.001,500,19.037
1503,1,16.5,2500,0.3,500,0.0055,1000,19.024
1504,1,16.5,2500,0.3,250,0.01,1000,18.747
1505,1,16.5,2500,0.3,500,0.01,1000,19.032
1506,1,16.5,2500,0.3,500,0.01,500,19.034000000000002
1507,1,16.5,2500,0.3,375,0.01,500,19.039
1508,1,16.5,2500,0.3,375,0.001,1000,19.033
1509,1,16.5,2500,0.3,250,0.01,750,19.03
1510,1,16.5,2500,0.3,375,0.0055,750,19.03
1511,1,16.5,2500,0.3,250,0.001,750,19.049
1512,1,16.5,2500,0.3,250,0.0055,500,19.038
1513,1,30.0,2500,0.3,250,0.0055,750,19.035999999999998
1514,1,30.0,2500,0.3,500,0.001,750,19.032
1515,1,30.0,2500,0.3,500,0.001,1000,18.945999999999998
1516,1,30.0,2500,0.3,375,0.001,500,19.031
1517,1,30.0,2500,0.3,250,0.001,500,19.031
1518,1,30.0,2500,0.3,250,0.001,1000,19.009
1519,1,30.0,2500,0.3,500,0.0055,500,19.045
1520,1,30.0,2500,0.3,500,0.01,1000,19.061
1521,1,30.0,2500,0.3,375,0.01,500,19.044
1522,1,30.0,2500,0.3,500,0.0055,750,19.042
1523,1,30.0,2500,0.3,250,0.01,750,19.046
1524,1,30.0,2500,0.3,375,0.0055,1000,19.03
1525,1,30.0,2500,0.3,250,0.0055,1000,19.033
1526,1,30.0,2500,0.3,375,0.01,750,19.044
1527,1,30.0,2500,0.3,500,0.01,750,19.039
1528,1,30.0,2500,0.3,500,0.0055,1000,19.03
1529,1,30.0,2500,0.3,375,0.01,1000,19.059
1530,1,30.0,2500,0.3,250,0.01,500,19.045
1531,1,30.0,2500,0.3,375,0.0055,750,19.039
1532,1,30.0,2500,0.3,375,0.001,1000,18.964000000000002
1533,1,30.0,2500,0.3,375,0.0055,500,19.047
1534,1,30.0,2500,0.3,500,0.001,500,19.04
1535,1,30.0,2500,0.3,250,0.001,750,19.993
1536,1,30.0,2500,0.3,375,0.001,750,19.041
1537,1,30.0,2500,0.3,250,0.0055,500,19.045
1538,1,30.0,2500,0.3,500,0.01,500,19.043
1539,1,30.0,2500,0.3,250,0.01,1000,19.051
1540,2,3.0,2500,0.3,250,0.01,750,21.555999999999997
1541,2,3.0,2500,0.3,500,0.001,750,21.58
1542,2,3.0,2500,0.3,375,0.01,1000,21.548000000000002
1543,2,3.0,2500,0.3,500,0.0055,500,22.607
1544,2,3.0,2500,0.3,250,0.0055,1000,21.353
1545,2,3.0,2500,0.3,375,0.001,750,21.573
1546,2,3.0,2500,0.3,375,0.001,500,20.829
1547,2,3.0,2500,0.3,375,0.0055,750,21.555999999999997
1548,2,3.0,2500,0.3,250,0.01,500,20.839000000000002
1549,2,3.0,2500,0.3,500,0.01,1000,21.646
1550,2,3.0,2500,0.3,500,0.0055,1000,21.651
1551,2,3.0,2500,0.3,375,0.01,500,20.874000000000002
1552,2,3.0,2500,0.3,250,0.001,1000,21.114
1553,2,3.0,2500,0.3,250,0.001,750,21.573
1554,2,3.0,2500,0.3,375,0.0055,500,20.998
1555,2,3.0,2500,0.3,500,0.001,500,20.829
1556,2,3.0,2500,0.3,500,0.0055,750,21.59
1557,2,3.0,2500,0.3,500,0.01,750,21.133000000000003
1558,2,3.0,2500,0.3,375,0.0055,1000,21.666
1559,2,3.0,2500,0.3,250,0.0055,500,20.84
1560,2,3.0,2500,0.3,500,0.01,500,20.868000000000002
1561,2,3.0,2500,0.3,375,0.01,750,21.587
1562,2,3.0,2500,0.3,250,0.0055,750,21.252
1563,2,3.0,2500,0.3,250,0.001,500,20.826999999999998
1564,2,3.0,2500,0.3,500,0.001,1000,21.641
1565,2,3.0,2500,0.3,375,0.001,1000,21.655
1566,2,3.0,2500,0.3,250,0.01,1000,21.38
1567,3,3.0,2500,0.3,250,0.01,1000,21.659000000000002
1568,3,3.0,2500,0.3,375,0.001,500,20.874000000000002
1569,3,3.0,2500,0.3,250,0.001,1000,21.686999999999998
1570,3,3.0,2500,0.3,500,0.01,750,21.518
1571,3,3.0,2500,0.3,500,0.001,1000,21.69
1572,3,3.0,2500,0.3,375,0.01,500,20.89
1573,3,3.0,2500,0.3,250,0.01,750,21.564
1574,3,3.0,2500,0.3,250,0.001,500,20.862
1575,3,3.0,2500,0.3,500,0.0055,500,20.397000000000002
1576,3,3.0,2500,0.3,375,0.0055,1000,21.659000000000002
1577,3,3.0,2500,0.3,500,0.0055,1000,21.653000000000002
1578,3,3.0,2500,0.3,375,0.001,750,21.573
1579,3,3.0,2500,0.3,375,0.0055,750,21.575
1580,3,3.0,2500,0.3,500,0.0055,750,21.572
1581,3,3.0,2500,0.3,250,0.0055,1000,21.686
1582,3,3.0,2500,0.3,500,0.01,1000,21.570999999999998
1583,3,3.0,2500,0.3,375,0.001,1000,21.693
1584,3,3.0,2500,0.3,375,0.01,1000,21.686
1585,3,3.0,2500,0.3,500,0.001,750,21.568
1586,3,3.0,2500,0.3,250,0.0055,750,21.561
1587,3,3.0,2500,0.3,375,0.0055,500,20.89
1588,3,3.0,2500,0.3,250,0.001,750,21.583000000000002
1589,3,3.0,2500,0.3,375,0.01,750,21.586
1590,3,3.0,2500,0.3,250,0.01,500,20.878
1591,3,3.0,2500,0.3,250,0.0055,500,20.886999999999997
1592,3,3.0,2500,0.3,500,0.001,500,20.877
1593,3,3.0,2500,0.3,500,0.01,500,20.905
1594,2,16.5,2500,0.3,500,0.01,750,21.551
1595,2,16.5,2500,0.3,375,0.0055,750,21.528000000000002
1596,2,16.5,2500,0.3,500,0.001,1000,21.585
1597,2,16.5,2500,0.3,375,0.0055,1000,21.646
1598,2,16.5,2500,0.3,375,0.01,750,21.534000000000002
1599,2,16.5,2500,0.3,375,0.0055,500,20.814
1600,2,16.5,2500,0.3,500,0.001,500,20.798000000000002
1601,2,16.5,2500,0.3,250,0.001,1000,21.647
1602,2,16.5,2500,0.3,500,0.0055,500,20.811
1603,2,16.5,2500,0.3,250,0.01,750,21.559
1604,2,16.5,2500,0.3,250,0.001,750,21.504
1605,2,16.5,2500,0.3,250,0.01,500,20.809
1606,2,16.5,2500,0.3,375,0.01,1000,21.673000000000002
1607,2,16.5,2500,0.3,250,0.001,500,20.785999999999998
1608,2,16.5,2500,0.3,375,0.001,1000,21.604
1609,2,16.5,2500,0.3,250,0.0055,1000,21.647
1610,2,16.5,2500,0.3,500,0.0055,1000,21.647
1611,2,16.5,2500,0.3,250,0.01,1000,21.663
1612,2,16.5,2500,0.3,250,0.0055,750,21.541999999999998
1613,2,16.5,2500,0.3,500,0.01,1000,21.676
1614,2,16.5,2500,0.3,500,0.0055,750,21.534000000000002
1615,2,16.5,2500,0.3,375,0.001,750,21.578000000000003
1616,2,16.5,2500,0.3,375,0.001,500,20.785
1617,2,16.5,2500,0.3,500,0.001,750,21.566999999999997
1618,2,16.5,2500,0.3,250,0.0055,500,20.807
1619,2,16.5,2500,0.3,375,0.01,500,20.834
1620,2,16.5,2500,0.3,500,0.01,500,20.833000000000002
1621,2,30.0,2500,0.3,500,0.01,500,23.131999999999998
1622,2,30.0,2500,0.3,250,0.001,500,23.11
1623,2,30.0,2500,0.3,250,0.01,1000,23.528000000000002
1624,2,30.0,2500,0.3,250,0.01,750,23.517
1625,2,30.0,2500,0.3,500,0.001,500,23.142
1626,2,30.0,2500,0.3,375,0.0055,750,23.522
1627,2,30.0,2500,0.3,250,0.0055,500,23.129
1628,2,30.0,2500,0.3,375,0.0055,500,23.129
1629,2,30.0,2500,0.3,500,0.01,750,23.47
1630,2,30.0,2500,0.3,250,0.001,1000,23.539
1631,2,30.0,2500,0.3,500,0.001,1000,23.541999999999998
1632,2,30.0,2500,0.3,375,0.001,1000,23.541
1633,2,30.0,2500,0.3,375,0.0055,1000,23.539
1634,2,30.0,2500,0.3,375,0.01,750,23.508000000000003
1635,2,30.0,2500,0.3,375,0.001,750,23.55
1636,2,30.0,2500,0.3,500,0.0055,750,23.503
1637,2,30.0,2500,0.3,250,0.0055,750,23.508000000000003
1638,2,30.0,2500,0.3,250,0.001,750,23.53
1639,2,30.0,2500,0.3,500,0.0055,1000,23.533
1640,2,30.0,2500,0.3,250,0.0055,1000,23.555
1641,2,30.0,2500,0.3,375,0.01,1000,23.543000000000003
1642,2,30.0,2500,0.3,500,0.001,750,23.506999999999998
1643,2,30.0,2500,0.3,500,0.01,1000,23.349
1644,2,30.0,2500,0.3,375,0.01,500,23.038
1645,2,30.0,2500,0.3,250,0.01,500,23.112
1646,2,30.0,2500,0.3,375,0.001,500,23.105999999999998
1647,2,30.0,2500,0.3,500,0.0055,500,22.892
1648,3,30.0,2500,0.3,250,0.0055,500,23.089000000000002
1649,3,30.0,2500,0.3,375,0.01,1000,23.461
1650,3,30.0,2500,0.3,375,0.0055,1000,23.522
1651,3,30.0,2500,0.3,250,0.01,750,23.499000000000002
1652,3,30.0,2500,0.3,375,0.001,750,23.548000000000002
1653,3,30.0,2500,0.3,250,0.001,1000,23.521
1654,3,30.0,2500,0.3,375,0.0055,500,23.09
1655,3,30.0,2500,0.3,375,0.01,500,23.101
1656,3,30.0,2500,0.3,250,0.0055,750,23.427
1657,3,30.0,2500,0.3,500,0.01,1000,23.570999999999998
1658,3,30.0,2500,0.3,500,0.0055,500,23.088
1659,3,30.0,2500,0.3,500,0.01,750,23.465
1660,3,30.0,2500,0.3,500,0.001,500,23.072
1661,3,30.0,2500,0.3,500,0.001,1000,23.463
1662,3,30.0,2500,0.3,500,0.0055,1000,23.526
1663,3,30.0,2500,0.3,375,0.01,750,23.479
1664,3,30.0,2500,0.3,250,0.0055,1000,23.524
1665,3,30.0,2500,0.3,250,0.01,1000,23.455
1666,3,30.0,2500,0.3,500,0.0055,750,23.484
1667,3,30.0,2500,0.3,375,0.0055,750,23.475
1668,3,30.0,2500,0.3,500,0.001,750,23.535999999999998
1669,3,30.0,2500,0.3,250,0.001,750,23.753
1670,3,30.0,2500,0.3,375,0.001,1000,23.474
1671,3,30.0,2500,0.3,250,0.01,500,23.085
1672,3,30.0,2500,0.3,375,0.001,500,23.053
1673,3,30.0,2500,0.3,250,0.001,500,23.058000000000003
1674,3,30.0,2500,0.3,500,0.01,500,23.101
1676,3,16.5,2500,0.3,500,0.001,500,23.096999999999998
1677,3,16.5,2500,0.3,375,0.01,750,23.578000000000003
1678,3,16.5,2500,0.3,250,0.001,750,23.522
1679,3,16.5,2500,0.3,375,0.0055,750,23.548000000000002
1680,3,16.5,2500,0.3,250,0.0055,1000,23.261999999999997
1681,3,16.5,2500,0.3,375,0.0055,1000,23.555
1682,3,16.5,2500,0.3,500,0.001,1000,23.528000000000002
1683,3,16.5,2500,0.3,250,0.01,500,23.096999999999998
1684,3,16.5,2500,0.3,375,0.001,500,22.993000000000002
1685,3,16.5,2500,0.3,500,0.01,750,23.129
1686,3,16.5,2500,0.3,375,0.01,500,23.129
1687,3,16.5,2500,0.3,500,0.01,1000,23.566
1688,3,16.5,2500,0.3,250,0.0055,750,23.193
1689,3,16.5,2500,0.3,500,0.01,500,23.116
1690,3,16.5,2500,0.3,375,0.01,1000,23.44
1691,3,16.5,2500,0.3,375,0.001,750,23.508000000000003
1692,3,16.5,2500,0.3,500,0.0055,750,23.581999999999997
1693,3,16.5,2500,0.3,500,0.0055,1000,23.563000000000002
1694,3,16.5,2500,0.3,250,0.01,750,23.545
1695,3,16.5,2500,0.3,250,0.01,1000,23.331
1696,3,16.5,2500,0.3,375,0.001,1000,23.541
1697,3,16.5,2500,0.3,250,0.0055,500,23.13
1698,3,16.5,2500,0.3,250,0.001,1000,22.998
1699,3,16.5,2500,0.3,500,0.001,750,23.517
1700,3,16.5,2500,0.3,375,0.0055,500,23.283
1701,3,16.5,2500,0.3,250,0.001,500,23.094
1702,1,3.0,2250,0.3,250,0.01,750,19.055999999999997
1703,1,3.0,2250,0.3,500,0.001,1000,18.625
1704,1,3.0,2250,0.3,375,0.001,750,19.064
1705,1,3.0,2250,0.3,375,0.0055,750,19.082
1706,1,3.0,2250,0.3,375,0.01,500,19.065
1707,1,3.0,2250,0.3,375,0.001,500,19.065
1708,1,3.0,2250,0.3,250,0.001,1000,18.642
1709,1,3.0,2250,0.3,500,0.001,500,19.067
1710,1,3.0,2250,0.3,500,0.01,1000,18.886
1711,1,3.0,2250,0.3,500,0.01,750,19.076
1712,1,3.0,2250,0.3,250,0.0055,750,19.08
1713,1,3.0,2250,0.3,375,0.0055,500,19.072
1714,1,3.0,2250,0.3,250,0.0055,500,19.069000000000003
1715,1,3.0,2250,0.3,250,0.0055,1000,19.026
1716,1,3.0,2250,0.3,500,0.01,500,19.07
1717,1,3.0,2250,0.3,375,0.01,1000,18.884
1718,1,3.0,2250,0.3,250,0.001,500,19.055999999999997
1719,1,3.0,2250,0.3,500,0.001,750,18.746
1720,1,3.0,2250,0.3,375,0.001,1000,18.641
1721,1,3.0,2250,0.3,250,0.01,500,19.064
1722,1,3.0,2250,0.3,500,0.0055,750,19.076
1723,1,3.0,2250,0.3,500,0.0055,1000,19.035
1724,1,3.0,2250,0.3,250,0.001,750,19.07
1725,1,3.0,2250,0.3,500,0.0055,500,19.065
1726,1,3.0,2250,0.3,375,0.0055,1000,19.058
1727,1,3.0,2250,0.3,375,0.01,750,19.076
1728,1,3.0,2250,0.3,250,0.01,1000,18.879
1729,1,16.5,2250,0.3,375,0.01,500,19.628
1730,1,16.5,2250,0.3,250,0.01,750,19.059
1731,1,16.5,2250,0.3,250,0.001,750,18.090999999999998
1732,1,16.5,2250,0.3,500,0.0055,750,18.132
1733,1,16.5,2250,0.3,500,0.0055,500,19.077
1734,1,16.5,2250,0.3,250,0.0055,750,18.070999999999998
1735,1,16.5,2250,0.3,375,0.001,500,19.070999999999998
1736,1,16.5,2250,0.3,375,0.01,1000,19.07
1737,1,16.5,2250,0.3,500,0.001,750,18.124000000000002
1738,1,16.5,2250,0.3,375,0.0055,1000,18.54
1739,1,16.5,2250,0.3,375,0.0055,500,19.077
1740,1,16.5,2250,0.3,500,0.001,1000,19.064
1741,1,16.5,2250,0.3,250,0.001,1000,18.462
1742,1,16.5,2250,0.3,500,0.01,1000,18.433
1743,1,16.5,2250,0.3,500,0.01,750,21.689
1744,1,16.5,2250,0.3,375,0.01,750,19.204
1745,1,16.5,2250,0.3,500,0.0055,1000,18.467
1746,1,16.5,2250,0.3,375,0.0055,750,19.062
1747,1,16.5,2250,0.3,500,0.01,500,19.081
1748,1,16.5,2250,0.3,375,0.001,1000,19.064
1749,1,16.5,2250,0.3,375,0.001,750,18.262
1750,1,16.5,2250,0.3,250,0.01,500,19.079
1751,1,16.5,2250,0.3,250,0.01,1000,18.434
1752,1,16.5,2250,0.3,250,0.0055,500,19.078
1753,1,16.5,2250,0.3,500,0.001,500,19.074
1754,1,16.5,2250,0.3,250,0.0055,1000,19.097
1755,1,16.5,2250,0.3,250,0.001,500,19.078
1756,1,30.0,2250,0.3,375,0.01,750,19.08
1757,1,30.0,2250,0.3,250,0.001,750,19.075
1758,1,30.0,2250,0.3,250,0.0055,1000,19.075
1759,1,30.0,2250,0.3,375,0.0055,1000,19.064
1760,1,30.0,2250,0.3,500,0.0055,1000,19.070999999999998
1761,1,30.0,2250,0.3,375,0.01,500,19.075
1762,1,30.0,2250,0.3,250,0.0055,750,19.070999999999998
1763,1,30.0,2250,0.3,375,0.0055,750,19.067
1764,1,30.0,2250,0.3,500,0.01,500,19.076
1765,1,30.0,2250,0.3,500,0.001,500,19.067999999999998
1766,1,30.0,2250,0.3,250,0.01,500,19.085
1767,1,30.0,2250,0.3,500,0.001,750,19.086
1768,1,30.0,2250,0.3,375,0.001,500,19.067999999999998
1769,1,30.0,2250,0.3,500,0.01,1000,19.078
1770,1,30.0,2250,0.3,500,0.0055,750,19.092
1771,1,30.0,2250,0.3,375,0.001,750,19.094
1772,1,30.0,2250,0.3,375,0.0055,500,19.079
1773,1,30.0,2250,0.3,250,0.001,1000,19.064
1774,1,30.0,2250,0.3,500,0.0055,500,19.074
1775,1,30.0,2250,0.3,250,0.01,750,19.088
1776,1,30.0,2250,0.3,250,0.0055,500,19.081
1777,1,30.0,2250,0.3,500,0.01,750,19.451
1778,1,30.0,2250,0.3,375,0.01,1000,19.076
1779,1,30.0,2250,0.3,250,0.01,1000,19.239
1781,1,30.0,2250,0.3,250,0.001,500,19.067
1782,1,30.0,2250,0.3,375,0.001,1000,19.064
1783,2,3.0,2250,0.3,250,0.0055,750,21.674
1784,2,3.0,2250,0.3,375,0.001,500,20.737
1785,2,3.0,2250,0.3,250,0.001,750,21.659000000000002
1786,2,3.0,2250,0.3,375,0.001,750,21.662
1787,2,3.0,2250,0.3,500,0.0055,750,21.623
1788,2,3.0,2250,0.3,500,0.0055,500,20.695999999999998
1789,2,3.0,2250,0.3,500,0.001,1000,21.331
1790,2,3.0,2250,0.3,250,0.01,500,20.695
1791,2,3.0,2250,0.3,375,0.01,750,21.656
1792,2,3.0,2250,0.3,250,0.01,1000,21.596
1793,2,3.0,2250,0.3,500,0.01,1000,21.598000000000003
1794,2,3.0,2250,0.3,375,0.0055,1000,21.767
1795,2,3.0,2250,0.3,375,0.0055,500,20.701
1796,2,3.0,2250,0.3,500,0.01,500,20.72
1797,2,3.0,2250,0.3,375,0.0055,750,21.639
1798,2,3.0,2250,0.3,375,0.001,1000,21.351999999999997
1799,2,3.0,2250,0.3,375,0.01,1000,21.584
1800,2,3.0,2250,0.3,250,0.01,750,21.6
1801,2,3.0,2250,0.3,250,0.0055,1000,21.732
1802,2,3.0,2250,0.3,500,0.0055,1000,21.746
1803,2,3.0,2250,0.3,500,0.01,750,21.653000000000002
1804,2,3.0,2250,0.3,250,0.001,1000,21.339000000000002
1805,2,3.0,2250,0.3,250,0.0055,500,20.752
1806,2,3.0,2250,0.3,375,0.01,500,20.712
1807,2,3.0,2250,0.3,500,0.001,750,21.346999999999998
1808,2,3.0,2250,0.3,500,0.001,500,20.739
1809,2,3.0,2250,0.3,250,0.001,500,20.719
1810,2,16.5,2250,0.3,250,0.01,1000,21.063000000000002
1811,2,16.5,2250,0.3,250,0.0055,1000,21.785999999999998
1812,2,16.5,2250,0.3,250,0.01,500,20.721
1813,2,16.5,2250,0.3,500,0.0055,750,20.671
1814,2,16.5,2250,0.3,375,0.0055,750,21.63
1815,2,16.5,2250,0.3,500,0.001,500,20.686
1816,2,16.5,2250,0.3,375,0.001,1000,21.768
1818,2,16.5,2250,0.3,500,0.0055,1000,21.156
1819,2,16.5,2250,0.3,500,0.01,750,22.959
1820,2,16.5,2250,0.3,375,0.01,750,21.691999999999997
1821,2,16.5,2250,0.3,250,0.001,750,20.608
1822,2,16.5,2250,0.3,375,0.0055,500,20.717
1823,2,16.5,2250,0.3,250,0.001,500,20.689
1824,2,16.5,2250,0.3,375,0.01,1000,21.92
1825,2,16.5,2250,0.3,500,0.01,500,20.706999999999997
1826,2,16.5,2250,0.3,250,0.01,750,21.607
1827,2,16.5,2250,0.3,500,0.01,1000,21.070999999999998
1828,2,16.5,2250,0.3,500,0.0055,500,20.719
1829,2,16.5,2250,0.3,375,0.0055,1000,21.229
1830,2,16.5,2250,0.3,375,0.001,750,20.685
1831,2,16.5,2250,0.3,250,0.0055,750,20.636999999999997
1832,2,16.5,2250,0.3,500,0.001,750,20.654
1833,2,16.5,2250,0.3,500,0.001,1000,21.773000000000003
1834,2,16.5,2250,0.3,250,0.0055,500,20.711
1835,2,16.5,2250,0.3,375,0.001,500,20.69
1836,2,16.5,2250,0.3,250,0.001,1000,21.171999999999997
1837,2,30.0,2250,0.3,375,0.01,750,21.599
1838,2,30.0,2250,0.3,250,0.001,500,20.629
1839,2,30.0,2250,0.3,250,0.01,750,21.605
1840,2,30.0,2250,0.3,500,0.001,750,21.635
1841,2,30.0,2250,0.3,375,0.001,500,20.646
1842,2,30.0,2250,0.3,375,0.0055,750,21.569000000000003
1843,2,30.0,2250,0.3,500,0.0055,1000,21.759
1844,2,30.0,2250,0.3,500,0.01,500,20.664
1845,2,30.0,2250,0.3,500,0.0055,750,21.381999999999998
1847,2,30.0,2250,0.3,375,0.0055,500,20.669
1848,2,30.0,2250,0.3,250,0.001,1000,21.766
1849,2,30.0,2250,0.3,250,0.0055,1000,21.756
1850,2,30.0,2250,0.3,375,0.01,1000,21.605999999999998
1851,2,30.0,2250,0.3,375,0.001,750,21.645
1852,2,30.0,2250,0.3,375,0.0055,1000,21.746
1853,2,30.0,2250,0.3,250,0.001,750,21.636999999999997
1854,2,30.0,2250,0.3,500,0.001,500,20.64
1855,2,30.0,2250,0.3,375,0.001,1000,21.759
1856,2,30.0,2250,0.3,500,0.01,1000,21.761999999999997
1857,2,30.0,2250,0.3,250,0.01,1000,21.59
1858,2,30.0,2250,0.3,500,0.01,750,21.576
1859,2,30.0,2250,0.3,250,0.0055,500,20.67
1860,2,30.0,2250,0.3,250,0.0055,750,21.636
1861,2,30.0,2250,0.3,250,0.01,500,20.671999999999997
1862,2,30.0,2250,0.3,500,0.0055,500,20.662
1863,2,30.0,2250,0.3,375,0.01,500,20.665
1864,3,3.0,2250,0.3,500,0.001,1000,23.133000000000003
1865,3,3.0,2250,0.3,375,0.01,750,23.638
1866,3,3.0,2250,0.3,500,0.0055,750,23.607
1867,3,3.0,2250,0.3,250,0.001,500,23.075
1868,3,3.0,2250,0.3,500,0.01,500,23.115
1869,3,3.0,2250,0.3,500,0.001,750,23.374000000000002
1870,3,3.0,2250,0.3,375,0.001,1000,23.232
1871,3,3.0,2250,0.3,500,0.0055,500,23.090999999999998
1872,3,3.0,2250,0.3,250,0.01,1000,23.464000000000002
1873,3,3.0,2250,0.3,375,0.0055,750,23.585
1874,3,3.0,2250,0.3,250,0.001,750,23.643
1875,3,3.0,2250,0.3,375,0.0055,500,23.079
1876,3,3.0,2250,0.3,375,0.01,1000,23.487
1877,3,3.0,2250,0.3,250,0.0055,500,23.147
1878,3,3.0,2250,0.3,250,0.0055,750,23.669
1879,3,3.0,2250,0.3,250,0.0055,1000,23.596999999999998
1880,3,3.0,2250,0.3,375,0.001,750,23.686999999999998
1881,3,3.0,2250,0.3,250,0.001,1000,23.221
1882,3,3.0,2250,0.3,250,0.01,750,23.607
1883,3,3.0,2250,0.3,375,0.0055,1000,23.678
1884,3,3.0,2250,0.3,500,0.0055,1000,23.651999999999997
1885,3,3.0,2250,0.3,375,0.01,500,23.090999999999998
1886,3,3.0,2250,0.3,500,0.01,750,23.627
1887,3,3.0,2250,0.3,500,0.001,500,23.136999999999997
1888,3,3.0,2250,0.3,500,0.01,1000,23.519000000000002
1889,3,3.0,2250,0.3,375,0.001,500,23.105999999999998
1890,3,3.0,2250,0.3,250,0.01,500,23.078000000000003
1891,3,16.5,2250,0.3,500,0.001,500,23.094
1892,3,16.5,2250,0.3,500,0.01,500,23.125999999999998
1893,3,16.5,2250,0.3,500,0.01,750,25.35
1894,3,16.5,2250,0.3,375,0.001,750,22.669
1895,3,16.5,2250,0.3,250,0.001,750,22.601999999999997
1897,3,16.5,2250,0.3,250,0.01,1000,22.996
1898,3,16.5,2250,0.3,375,0.01,1000,23.706999999999997
1899,3,16.5,2250,0.3,375,0.0055,750,23.624000000000002
1900,3,16.5,2250,0.3,250,0.0055,750,22.656999999999996
1901,3,16.5,2250,0.3,500,0.001,1000,23.589000000000002
1902,3,16.5,2250,0.3,500,0.0055,1000,23.094
1903,3,16.5,2250,0.3,375,0.0055,500,23.107
1904,3,16.5,2250,0.3,250,0.0055,500,23.096999999999998
1905,3,16.5,2250,0.3,500,0.01,1000,23.004
1906,3,16.5,2250,0.3,500,0.0055,750,22.579
1907,3,16.5,2250,0.3,500,0.0055,500,23.115
1908,3,16.5,2250,0.3,250,0.01,750,23.611
1910,3,16.5,2250,0.3,375,0.001,500,23.1
1911,3,16.5,2250,0.3,375,0.001,1000,23.653000000000002
1912,3,16.5,2250,0.3,375,0.0055,1000,23.166999999999998
1913,3,16.5,2250,0.3,500,0.001,750,22.656999999999996
1914,3,16.5,2250,0.3,250,0.0055,1000,23.718000000000004
1915,3,16.5,2250,0.3,250,0.01,500,23.125
1916,3,16.5,2250,0.3,250,0.001,1000,23.059
1917,3,16.5,2250,0.3,250,0.001,500,23.079
1918,3,30.0,2250,0.3,375,0.0055,500,23.064
1919,3,30.0,2250,0.3,250,0.01,1000,23.706
1920,3,30.0,2250,0.3,500,0.0055,1000,23.677
1921,3,30.0,2250,0.3,375,0.0055,1000,23.67
1922,3,30.0,2250,0.3,500,0.001,500,23.05
1923,3,30.0,2250,0.3,375,0.001,750,23.655
1924,3,30.0,2250,0.3,375,0.0055,750,23.587
1925,3,30.0,2250,0.3,250,0.001,500,22.997
1926,3,30.0,2250,0.3,250,0.01,500,23.085
1928,3,30.0,2250,0.3,250,0.001,1000,23.64
1929,3,30.0,2250,0.3,500,0.01,500,23.081
1930,3,30.0,2250,0.3,500,0.01,750,23.76
1931,3,30.0,2250,0.3,375,0.01,750,23.616999999999997
1932,3,30.0,2250,0.3,500,0.001,750,23.658
1933,3,30.0,2250,0.3,375,0.01,1000,23.523000000000003
1934,3,30.0,2250,0.3,250,0.001,750,23.669
1935,3,30.0,2250,0.3,500,0.0055,750,23.388
1936,3,30.0,2250,0.3,500,0.01,1000,23.694000000000003
1937,3,30.0,2250,0.3,250,0.0055,500,23.073
1938,3,30.0,2250,0.3,250,0.01,750,23.621
1939,3,30.0,2250,0.3,250,0.0055,750,23.65
1940,3,30.0,2250,0.3,375,0.001,1000,23.63
1941,3,30.0,2250,0.3,500,0.0055,500,23.085
1942,3,30.0,2250,0.3,250,0.0055,1000,23.666
1943,3,30.0,2250,0.3,375,0.01,500,23.061
1944,3,30.0,2250,0.3,375,0.001,500,23.039
1945,1,3.0,2000,0.3,375,0.0055,500,19.112000000000002
1946,1,3.0,2000,0.3,250,0.001,1000,19.102999999999998
1947,1,3.0,2000,0.3,500,0.001,500,19.111
1948,1,3.0,2000,0.3,500,0.0055,750,19.098
1949,1,3.0,2000,0.3,500,0.0055,500,19.143
1950,1,3.0,2000,0.3,250,0.01,500,19.108
1951,1,3.0,2000,0.3,500,0.0055,1000,19.105999999999998
1952,1,3.0,2000,0.3,500,0.01,750,19.112000000000002
1953,1,3.0,2000,0.3,375,0.01,1000,19.104
1954,1,3.0,2000,0.3,375,0.001,1000,19.102
1955,1,3.0,2000,0.3,375,0.001,750,19.118
1956,1,3.0,2000,0.3,250,0.001,500,19.1
1957,1,3.0,2000,0.3,375,0.01,750,19.129
1958,1,3.0,2000,0.3,250,0.01,750,19.119
1959,1,3.0,2000,0.3,375,0.001,500,19.111
1960,1,3.0,2000,0.3,375,0.0055,750,19.118
1961,1,3.0,2000,0.3,250,0.0055,500,19.107
1962,1,3.0,2000,0.3,500,0.01,500,19.113
1963,1,3.0,2000,0.3,375,0.0055,1000,19.114
1964,1,3.0,2000,0.3,250,0.01,1000,19.101
1965,1,3.0,2000,0.3,375,0.01,500,19.111
1966,1,3.0,2000,0.3,250,0.0055,1000,19.117
1967,1,3.0,2000,0.3,500,0.001,750,19.097
1968,1,3.0,2000,0.3,500,0.01,1000,19.102999999999998
1969,1,3.0,2000,0.3,250,0.0055,750,19.099
1970,1,3.0,2000,0.3,500,0.001,1000,19.102999999999998
1971,1,3.0,2000,0.3,250,0.001,750,19.092
1972,1,16.5,2000,0.3,250,0.001,1000,19.104
1973,1,16.5,2000,0.3,500,0.01,1000,19.128
1974,1,16.5,2000,0.3,375,0.01,750,19.105999999999998
1975,1,16.5,2000,0.3,250,0.01,500,19.112000000000002
1976,1,16.5,2000,0.3,500,0.0055,750,19.112000000000002
1977,1,16.5,2000,0.3,250,0.0055,500,19.083
1978,1,16.5,2000,0.3,375,0.0055,500,19.102999999999998
1979,1,16.5,2000,0.3,250,0.0055,1000,19.118
1980,1,16.5,2000,0.3,250,0.001,750,19.105
1981,1,16.5,2000,0.3,375,0.001,1000,19.105999999999998
1982,1,16.5,2000,0.3,500,0.001,750,18.447
1983,1,16.5,2000,0.3,375,0.01,1000,19.128
1984,1,16.5,2000,0.3,375,0.0055,750,19.144000000000002
1985,1,16.5,2000,0.3,500,0.001,500,19.043
1986,1,16.5,2000,0.3,500,0.01,750,19.142
1987,1,16.5,2000,0.3,375,0.001,750,18.598
1988,1,16.5,2000,0.3,500,0.0055,1000,19.11
1989,1,16.5,2000,0.3,500,0.0055,500,19.023
1990,1,16.5,2000,0.3,500,0.001,1000,19.102999999999998
1991,1,16.5,2000,0.3,250,0.01,1000,19.112000000000002
1992,1,16.5,2000,0.3,375,0.001,500,19.109
1993,1,16.5,2000,0.3,250,0.0055,750,19.117
1994,1,16.5,2000,0.3,250,0.001,500,19.102
1995,1,16.5,2000,0.3,250,0.01,750,19.121
1996,1,16.5,2000,0.3,500,0.01,500,19.017
1997,1,16.5,2000,0.3,375,0.0055,1000,19.118
1998,1,16.5,2000,0.3,375,0.01,500,18.994
1999,1,30.0,2000,0.3,500,0.01,750,19.049
2000,1,30.0,2000,0.3,500,0.0055,750,19.070999999999998
